[0.65977144 0.393543  ]
[0.9720839 0.6336968]
[0.9720839 0.6336968]
[0.9720839 0.6336968]
[0.53858423 0.7027376 ]
[0.5434866 0.6645279]
[0.53858423 0.7027376 ]
[0.5434866 0.6645279]
[0.51430917 0.61314684]
[0.5150962 0.6041797]
[0.51430917 0.61314684]
[0.5150962 0.6041797]
[0.51430917 0.61314684]
[0.5150962 0.6041797]
[0.51430917 0.61314684]
[0.5150962 0.6041797]
[0.26435292 0.6070951 ]
[0.2844263 0.6038103]
[0.26435292 0.6070951 ]
[0.2844263 0.6038103]
[0.2706058 0.6116752]
[0.28917488 0.59309125]
[0.2706058 0.6116752]
[0.28917488 0.59309125]
[0.2706058 0.6116752]
[0.28917488 0.59309125]
[0.2706058 0.6116752]
[0.28917488 0.59309125]
[0.26435292 0.6070951 ]
[0.2844263 0.6038103]
[0.26435292 0.6070951 ]
[0.2844263 0.6038103]
[0.26435292 0.6070951 ]
[0.2844263 0.6038103]
[0.26435292 0.6070951 ]
[0.2844263 0.6038103]
[0.95011723 0.5032373 ]
[0.95011723 0.5032373 ]
[0.2706058 0.6116752]
[0.28917488 0.59309125]
[0.2706058 0.6116752]
[0.28917488 0.59309125]
[0.2716187 0.5726954]
[0.2785799  0.54671144]
[0.2716187 0.5726954]
[0.2785799  0.54671144]
[0.2706058 0.6116752]
[0.28917488 0.59309125]
[0.2706058 0.6116752]
[0.23890962 0.60008276]
[0.26435292 0.6070951 ]
[0.2844263 0.6038103]
[0.26435292 0.6070951 ]
[0.2844263 0.6038103]
[0.26435292 0.6070951 ]
[0.2844263 0.6038103]
[0.26435292 0.6070951 ]
[0.2844263 0.6038103]
[0.26435292 0.6070951 ]
[0.2844263 0.6038103]
[0.26435292 0.6070951 ]
[0.2844263 0.6038103]
[0.27465463 0.5644    ]
[0.28071725 0.5848023 ]
[0.27465463 0.5644    ]
[0.28071725 0.5848023 ]
[0.26435292 0.6070951 ]
[0.2844263 0.6038103]
[0.26435292 0.6070951 ]
[0.2844263 0.6038103]
[0.95011723 0.5032373 ]
[0.7657268 0.7369657]
[0.83580756 0.2994156 ]
[0.96504235 0.6263544 ]
[0.99635065 0.38825524]
[0.53858423 0.7027376 ]
[0.5434866 0.6645279]
[0.53858423 0.7027376 ]
[0.5434866 0.6645279]
[0.51430917 0.61314684]
[0.5150962 0.6041797]
[0.51430917 0.61314684]
[0.5150962 0.6041797]
[0.26435292 0.6070951 ]
[0.2844263 0.6038103]
[0.26435292 0.6070951 ]
[0.2844263 0.6038103]
[0.27465463 0.5644    ]
[0.28071725 0.5848023 ]
[0.27465463 0.5644    ]
[0.28071725 0.5848023 ]
[0.26435292 0.6070951 ]
[0.2844263 0.6038103]
[0.26435292 0.6070951 ]
[0.2844263 0.6038103]
[0.27465463 0.5644    ]
[0.28071725 0.5848023 ]
[0.27465463 0.5644    ]
[0.28071725 0.5848023 ]
[0.95011723 0.5032373 ]
[0.95011723 0.5032373 ]
[0.9720839 0.6336968]
[0.9391637 0.5114321]
[0.9391637 0.5114321]
[0.92230356 0.5208001 ]
[0.92230356 0.5208001 ]
[0.51430917 0.61314684]
[0.5150962 0.6041797]
[0.51430917 0.61314684]
[0.5150962 0.6041797]
[0.30898955 0.64528793]
[0.29131472 0.69177747]
[0.30898955 0.64528793]
[0.29131472 0.69177747]
[0.2706058 0.6116752]
[0.2733244  0.60195994]
[0.2706058 0.6116752]
[0.2733244  0.60195994]
[0.2706058 0.6116752]
[0.2733244  0.60195994]
[0.2706058 0.6116752]
[0.2733244  0.60195994]
[0.2706058 0.6116752]
[0.2733244  0.60195994]
[0.2706058 0.6116752]
[0.2733244  0.60195994]
[0.2706058 0.6116752]
[0.2733244  0.60195994]
[0.2706058 0.6116752]
[0.2733244  0.60195994]
[0.2716187 0.5726954]
[0.27437097 0.5920016 ]
[0.2716187 0.5726954]
[0.27437097 0.5920016 ]
[0.9443855  0.45767558]
[0.9443855  0.45767558]
[0.7871094 0.5623013]
[0.7871094 0.5623013]
[0.7871094 0.5623013]
[0.7871094 0.5623013]
[0.7871094 0.5623013]
[0.7871094 0.5623013]
[0.7871094 0.5623013]
[0.7871094 0.5623013]
[0.7871094 0.5623013]
[0.7871094 0.5623013]
[0.7871094 0.5623013]
[0.7871094 0.5623013]
[0.7871094 0.5623013]
[0.7871094 0.5623013]
[0.7871094 0.5623013]
[0.7871094 0.5623013]
[0.83527195 0.35310507]
[0.8184998  0.35390723]
[0.7947701  0.33047467]
[0.8184998  0.35390723]
[0.7947701  0.33047467]
[0.8184998  0.35390723]
[0.7947701  0.33047467]
[0.2772135  0.46128875]
[0.24871936 0.47576457]
[0.24514557 0.4736141 ]
[0.24871936 0.47576457]
[0.24514557 0.4736141 ]
[0.24871936 0.47576457]
[0.24514557 0.4736141 ]
[0.24871936 0.47576457]
[0.24514557 0.4736141 ]
[0.24871936 0.47576457]
[0.24871936 0.47576457]
[0.24871936 0.47576457]
[0.24871936 0.47576457]
[0.24871936 0.47576457]
[0.24871936 0.47576457]
[0.24871936 0.47576457]
[0.24871936 0.47576457]
[0.21885875 0.24885431]
[0.23866268 0.26636636]
[0.21885875 0.24885431]
[0.23866268 0.26636636]
[0.21885875 0.24885431]
[0.23866268 0.26636636]
[0.21885875 0.24885431]
[0.23866268 0.26636636]
[0.21885875 0.24885431]
[0.23866268 0.26636636]
[0.21885875 0.24885431]
[0.23866268 0.26636636]
[0.21885875 0.24885431]
[0.23866268 0.26636636]
[0.21885875 0.24885431]
[0.23866268 0.26636636]
[0.21885875 0.24885431]
[0.23866268 0.26636636]
[0.21885875 0.24885431]
[0.23866268 0.26636636]
[0.21885875 0.24885431]
[0.23866268 0.26636636]
[0.21885875 0.24885431]
[0.23866268 0.26636636]
[0.21885875 0.24885431]
[0.23866268 0.26636636]
[0.21885875 0.24885431]
[0.23866268 0.26636636]
[0.21885875 0.24885431]
[0.23866268 0.26636636]
[0.21885875 0.24885431]
[0.23866268 0.26636636]
[0.21885875 0.24885431]
[0.23866268 0.26636636]
[0.21885875 0.24885431]
[0.23866268 0.26636636]
[0.21885875 0.24885431]
[0.23866268 0.26636636]
[0.21885875 0.24885431]
[0.23866268 0.26636636]
[0.24871936 0.47576457]
[0.24871936 0.47576457]
[0.24871936 0.47576457]
[0.24871936 0.47576457]
[0.24871936 0.47576457]
[0.24871936 0.47576457]
[0.24871936 0.47576457]
[0.24871936 0.47576457]
[0.24871936 0.47576457]
[0.24871936 0.47576457]
[0.24871936 0.47576457]
[0.24871936 0.47576457]
[0.24871936 0.47576457]
[0.24871936 0.47576457]
[0.24871936 0.47576457]
[0.24871936 0.47576457]
[0.24871936 0.47576457]
[0.24871936 0.47576457]
[0.24871936 0.47576457]
[0.24871936 0.47576457]
[0.24871936 0.47576457]
[0.24871936 0.47576457]
[0.24871936 0.47576457]
[0.24871936 0.47576457]
[0.24871936 0.47576457]
[0.24871936 0.47576457]
[0.24871936 0.47576457]
[0.24871936 0.47576457]
[0.24871936 0.47576457]
[0.24871936 0.47576457]
[0.24871936 0.47576457]
[0.24871936 0.47576457]
[0.24871936 0.47576457]
[0.24871936 0.47576457]
[0.24871936 0.47576457]
[0.24871936 0.47576457]
[0.24871936 0.47576457]
[0.24871936 0.47576457]
[0.24871936 0.47576457]
[0.24871936 0.47576457]
[0.21885875 0.24885431]
[0.23866268 0.26636636]
[0.21885875 0.24885431]
[0.23866268 0.26636636]
[0.21885875 0.24885431]
[0.23866268 0.26636636]
[0.21885875 0.24885431]
[0.23866268 0.26636636]
[0.21885875 0.24885431]
[0.23866268 0.26636636]
[0.21885875 0.24885431]
[0.23866268 0.26636636]
[0.21885875 0.24885431]
[0.23866268 0.26636636]
[0.21885875 0.24885431]
[0.23866268 0.26636636]
[0.21885875 0.24885431]
[0.23866268 0.26636636]
[0.21885875 0.24885431]
[0.23866268 0.26636636]
[0.21885875 0.24885431]
[0.23866268 0.26636636]
[0.21885875 0.24885431]
[0.23866268 0.26636636]
[0.83527195 0.35310507]
[0.83527195 0.35310507]
[0.83527195 0.35310507]
[0.83527195 0.35310507]
[0.83527195 0.35310507]
[0.83527195 0.35310507]
[0.83527195 0.35310507]
[0.83527195 0.35310507]
[0.83527195 0.35310507]
[0.83527195 0.35310507]
[0.83527195 0.35310507]
[0.83527195 0.35310507]
[0.83527195 0.35310507]
[0.83527195 0.35310507]
[0.83527195 0.35310507]
[0.83527195 0.35310507]
[0.83527195 0.35310507]
[0.83527195 0.35310507]
[0.83527195 0.35310507]
[0.83527195 0.35310507]
[0.83527195 0.35310507]
[0.83527195 0.35310507]
[0.83527195 0.35310507]
[0.83527195 0.35310507]
[0.83527195 0.35310507]
[0.83527195 0.35310507]
[0.83527195 0.35310507]
[0.83527195 0.35310507]
[0.83527195 0.35310507]
[0.83527195 0.35310507]
[0.83527195 0.35310507]
[0.83527195 0.35310507]
[0.6929995  0.13083532]
[0.70231056 0.14923528]
[0.6929995  0.13083532]
[0.70231056 0.14923528]
[0.6929995  0.13083532]
[0.70231056 0.14923528]
[0.6929995  0.13083532]
[0.70231056 0.14923528]
[0.6929995  0.13083532]
[0.70231056 0.14923528]
[0.6929995  0.13083532]
[0.70231056 0.14923528]
[0.6929995  0.13083532]
[0.70231056 0.14923528]
[0.6929995  0.13083532]
[0.70231056 0.14923528]
[0.6929995  0.13083532]
[0.70231056 0.14923528]
[0.6929995  0.13083532]
[0.70231056 0.14923528]
[0.6929995  0.13083532]
[0.70231056 0.14923528]
[0.6929995  0.13083532]
[0.70231056 0.14923528]
[0.6929995  0.13083532]
[0.70231056 0.14923528]
[0.6929995  0.13083532]
[0.70231056 0.14923528]
[0.6929995  0.13083532]
[0.70231056 0.14923528]
[0.6929995  0.13083532]
[0.70231056 0.14923528]
[0.21885875 0.24885431]
[0.23866268 0.26636636]
[0.21885875 0.24885431]
[0.23866268 0.26636636]
[0.21885875 0.24885431]
[0.23866268 0.26636636]
[0.21885875 0.24885431]
[0.23866268 0.26636636]
[0.21885875 0.24885431]
[0.23866268 0.26636636]
[0.21885875 0.24885431]
[0.23866268 0.26636636]
[0.21885875 0.24885431]
[0.23866268 0.26636636]
[0.21885875 0.24885431]
[0.23866268 0.26636636]
[0.21885875 0.24885431]
[0.23866268 0.26636636]
[0.21885875 0.24885431]
[0.23866268 0.26636636]
[0.21885875 0.24885431]
[0.23866268 0.26636636]
[0.21885875 0.24885431]
[0.23866268 0.26636636]
[0.9100821  0.43172896]
[0.90267074 0.41478223]
[0.9100821  0.43172896]
[0.90267074 0.41478223]
[0.9100821  0.43172896]
[0.90267074 0.41478223]
[0.9100821  0.43172896]
[0.90267074 0.41478223]
[0.7831588  0.30003718]
[0.79829776 0.2946235 ]
[0.7831588  0.30003718]
[0.79829776 0.2946235 ]
[0.7831588  0.30003718]
[0.79829776 0.2946235 ]
[0.7831588  0.30003718]
[0.8182719  0.08804973]
[0.8745626 0.6113619]
[0.8182719  0.08804973]
[0.7686219 0.6910199]
[0.48069862 0.23756886]
[0.48977742 0.19116713]
[0.48069862 0.23756886]
[0.48977742 0.19116713]
[0.58891237 0.51890516]
[0.58286226 0.37317866]
[0.5694494  0.42157143]
[0.7275573  0.29977077]
[0.40100187 0.28077662]
[0.425905  0.3198572]
[0.40100187 0.28077662]
[0.425905  0.3198572]
[0.40100187 0.28077662]
[0.425905  0.3198572]
[0.40100187 0.28077662]
[0.2862702 0.6718247]
[0.615479   0.42569888]
[0.5797647  0.32874975]
[0.615479   0.42569888]
[0.5797647  0.32874975]
[0.615479   0.42569888]
[0.5797647  0.32874975]
[0.615479   0.42569888]
[0.58725107 0.35848367]
[0.36532786 0.2845049 ]
[0.3768871  0.32174772]
[0.36532786 0.2845049 ]
[0.3768871  0.32174772]
[0.36532786 0.2845049 ]
[0.3768871  0.32174772]
[0.36532786 0.2845049 ]
[0.78123236 0.4065717 ]
[0.448173   0.39793324]
[0.51713693 0.49308425]
[0.448173   0.39793324]
[0.51713693 0.49308425]
[0.7871094 0.5623013]
[0.7871094 0.5623013]
[0.3640803  0.44123012]
[0.38839293 0.38740778]
[0.3640803  0.44123012]
[0.38839293 0.38740778]
[0.3640803  0.44123012]
[0.38839293 0.38740778]
[0.3640803  0.44123012]
[0.40128314 0.41590375]
[0.448173   0.39793324]
[0.51713693 0.49308425]
[0.448173   0.39793324]
[0.51713693 0.49308425]
[0.448173   0.39793324]
[0.51713693 0.49308425]
[0.448173   0.39793324]
[0.89495194 0.4594367 ]
[0.34047735 0.25400192]
[0.36499226 0.27011037]
[0.34047735 0.25400192]
[0.36499226 0.27011037]
[0.34047735 0.25400192]
[0.36499226 0.27011037]
[0.3609783  0.07865392]
[0.7769269 0.7968657]
[0.4663089  0.19457538]
[0.46749818 0.19373386]
[0.4663089  0.19457538]
[0.7634163  0.21972275]
[0.41855484 0.18555886]
[0.4155666  0.18559152]
[0.41855484 0.18555886]
[0.84118545 0.7096619 ]
[0.3640803  0.44123012]
[0.38839293 0.38740778]
[0.3640803  0.44123012]
[0.38839293 0.38740778]
[0.3640803  0.44123012]
[0.38839293 0.38740778]
[0.3640803  0.44123012]
[0.40128314 0.41590375]
[0.44363528 0.39520204]
[0.5066296  0.25114864]
[0.44363528 0.39520204]
[0.5066296  0.25114864]
[0.44363528 0.39520204]
[0.5066296  0.25114864]
[0.44363528 0.39520204]
[0.6539237  0.11828788]
[0.36532786 0.2845049 ]
[0.3768871  0.32174772]
[0.36532786 0.2845049 ]
[0.3768871  0.32174772]
[0.36532786 0.2845049 ]
[0.3768871  0.32174772]
[0.4998948  0.22943555]
[0.44495735 0.31182516]
[0.38190374 0.23733546]
[0.40738147 0.16399209]
[0.38190374 0.23733546]
[0.40738147 0.16399209]
[0.4174831  0.10190476]
[0.4203365  0.08965963]
[0.4174831  0.10190476]
[0.4203365  0.08965963]
[0.38190374 0.23733546]
[0.40738147 0.16399209]
[0.38190374 0.23733546]
[0.40738147 0.16399209]
[0.24310157 0.19099776]
[0.6574247  0.24484216]
[0.24310157 0.19099776]
[0.7634163  0.21972275]
[0.64008534 0.43303514]
[0.5776633 0.5719857]
[0.64008534 0.43303514]
[0.5776633 0.5719857]
[0.6436722 0.707201 ]
[0.6436722 0.707201 ]
[0.8108089  0.19237202]
[0.44449633 0.7019975 ]
[0.620728   0.48507833]
[0.44449633 0.7019975 ]
[0.372042   0.39541286]
[0.3510412 0.4175607]
[0.372042   0.39541286]
[0.3510412 0.4175607]
[0.32773715 0.27115244]
[0.34253109 0.31820703]
[0.32773715 0.27115244]
[0.86236405 0.7745252 ]
[0.34102127 0.3099647 ]
[0.44486642 0.25963736]
[0.34102127 0.3099647 ]
[0.44486642 0.25963736]
[0.34102127 0.3099647 ]
[0.44486642 0.25963736]
[0.34102127 0.3099647 ]
[0.5303449  0.15363026]
[0.7871094 0.5623013]
[0.7871094 0.5623013]
[0.7871094 0.5623013]
[0.7871094 0.5623013]
[0.47038773 0.92695457]
[0.49076423 0.91523975]
[0.47038773 0.92695457]
[1.0013981  0.68974316]
[0.39775324 0.6654068 ]
[0.4993214  0.72708076]
[0.39775324 0.6654068 ]
[0.4993214  0.72708076]
[0.31754127 0.3250326 ]
[0.41359025 0.2554456 ]
[0.31754127 0.3250326 ]
[0.41359025 0.2554456 ]
[0.31754127 0.3250326 ]
[0.41359025 0.2554456 ]
[0.31754127 0.3250326 ]
[0.41359025 0.2554456 ]
[0.31754127 0.3250326 ]
[0.41359025 0.2554456 ]
[0.31754127 0.3250326 ]
[0.41359025 0.2554456 ]
[0.3099547  0.35107166]
[0.42601806 0.26224434]
[0.3099547  0.35107166]
[0.42601806 0.26224434]
[0.9100821  0.43172896]
[0.9100821  0.43172896]
[0.9100821  0.43172896]
[0.9100821  0.43172896]
[0.34217075 0.22000705]
[0.3573166  0.18166614]
[0.34217075 0.22000705]
[0.3573166  0.18166614]
[0.33630657 0.32345694]
[0.42487955 0.25335133]
[0.33630657 0.32345694]
[0.42487955 0.25335133]
[0.3015386  0.28362894]
[0.4068445  0.20077759]
[0.3015386  0.28362894]
[0.4068445  0.20077759]
[0.3015386  0.28362894]
[0.4068445  0.20077759]
[0.33630657 0.32345694]
[0.42487955 0.25335133]
[0.3367107  0.33546233]
[0.43569005 0.28515565]
[0.3367107  0.33546233]
[0.43569005 0.28515565]
[0.33630657 0.32345694]
[0.42565542 0.27894434]
[0.33630657 0.32345694]
[0.42565542 0.27894434]
[0.3015386  0.28362894]
[0.39734632 0.21886638]
[0.3015386  0.28362894]
[0.39734632 0.21886638]
[0.30147704 0.19208959]
[0.40446717 0.17570785]
[0.30147704 0.19208959]
[0.40446717 0.17570785]
[0.32031918 0.3045337 ]
[0.39115423 0.18336415]
[0.32031918 0.3045337 ]
[0.39115423 0.18336415]
[0.32031918 0.3045337 ]
[0.39115423 0.18336415]
[0.32031918 0.3045337 ]
[0.39115423 0.18336415]
[0.73821163 0.12853023]
[0.73821163 0.12853023]
[0.73821163 0.12853023]
[0.63655686 0.0989315 ]
[0.28474328 0.26951528]
[0.37505   0.2510748]
[0.28474328 0.26951528]
[0.37505   0.2510748]
[0.46769294 0.19091484]
[0.4780241  0.18948531]
[0.46769294 0.19091484]
[0.4780241  0.18948531]
[0.37420452 0.4977827 ]
[0.44527644 0.47573906]
[0.37420452 0.4977827 ]
[0.44527644 0.47573906]
[0.4021861  0.47335225]
[0.42372143 0.5017116 ]
[0.4021861  0.47335225]
[0.4125533  0.44392085]
[0.39322838 0.45635796]
[0.4125533  0.44392085]
[0.39322838 0.45635796]
[0.4125533  0.44392085]
[0.39322838 0.45635796]
[0.4125533  0.44392085]
[0.39322838 0.45635796]
[0.4125533  0.44392085]
[0.6572037  0.09332596]
[0.6572037  0.09332596]
[0.6572037  0.09332596]
[0.6572037  0.09332596]
[0.6572037  0.09332596]
[0.6572037  0.09332596]
[0.57666147 0.09313068]
[0.6394878  0.12270282]
[0.35887325 0.7328597 ]
[0.57483226 0.3579021 ]
[0.35887325 0.7328597 ]
[0.4515442  0.79187787]
[0.38683707 0.69857055]
[0.46800268 0.69675004]
[0.38683707 0.69857055]
[0.46800268 0.69675004]
[0.38683707 0.69857055]
[0.46800268 0.69675004]
[0.38683707 0.69857055]
[0.46800268 0.69675004]
[0.38683707 0.69857055]
[0.46800268 0.69675004]
[0.38683707 0.69857055]
[0.46800268 0.69675004]
[0.3677461 0.6164584]
[0.48068774 0.5302782 ]
[0.3677461 0.6164584]
[0.48068774 0.5302782 ]
[0.3677461 0.6164584]
[0.48068774 0.5302782 ]
[0.3677461 0.6164584]
[0.48068774 0.5302782 ]
[0.3677461 0.6164584]
[0.48068774 0.5302782 ]
[0.3677461 0.6164584]
[0.38808346 0.616031  ]
[0.38683707 0.69857055]
[0.46800268 0.69675004]
[0.38683707 0.69857055]
[0.46800268 0.69675004]
[0.38683707 0.69857055]
[0.46800268 0.69675004]
[0.38683707 0.69857055]
[0.46800268 0.69675004]
[0.3677461 0.6164584]
[0.48068774 0.5302782 ]
[0.3677461 0.6164584]
[0.48068774 0.5302782 ]
[0.8119103 0.2879414]
[0.68766737 0.47581166]
[0.8119103 0.2879414]
[0.68766737 0.47581166]
[0.8119103 0.2879414]
[0.68766737 0.47581166]
[0.8119103 0.2879414]
[0.68766737 0.47581166]
[0.5168992  0.31025088]
[0.39370805 0.2997759 ]
[0.3230863  0.37159252]
[0.39370805 0.2997759 ]
[0.3230863  0.37159252]
[0.39370805 0.2997759 ]
[0.3230863  0.37159252]
[0.39370805 0.2997759 ]
[0.3230863  0.37159252]
[0.39370805 0.2997759 ]
[0.3230863  0.37159252]
[0.39370805 0.2997759 ]
[0.3230863  0.37159252]
[0.39370805 0.2997759 ]
[0.32007936 0.30748135]
[0.41346526 0.24766546]
[0.31850952 0.29690027]
[0.3993559  0.21333726]
[0.31850952 0.29690027]
[0.3993559  0.21333726]
[0.31850952 0.29690027]
[0.3993559  0.21333726]
[0.31850952 0.29690027]
[0.3993559  0.21333726]
[0.26998216 0.32705238]
[0.4307847  0.20729394]
[0.26998216 0.32705238]
[0.4307847  0.20729394]
[0.28106976 0.410567  ]
[0.38270804 0.24891368]
[0.31850952 0.29690027]
[0.3993559  0.21333726]
[0.31850952 0.29690027]
[0.3993559  0.21333726]
[0.31850952 0.29690027]
[0.3993559  0.21333726]
[0.8598192 0.6075308]
[0.8598192 0.6075308]
[0.8598192 0.6075308]
[0.8598192 0.6075308]
[0.8055681  0.65810627]
[0.6869099 0.5065302]
[0.6869099 0.5065302]
[0.6869099 0.5065302]
[0.6869099 0.5065302]
[0.6869099 0.5065302]
[0.6869099 0.5065302]
[0.6869099 0.5065302]
[0.6869099 0.5065302]
[0.6869099 0.5065302]
[0.6869099 0.5065302]
[0.6869099 0.5065302]
[0.6869099 0.5065302]
[0.6869099 0.5065302]
[0.7379782  0.70872986]
[0.7887373  0.71452624]
[0.7887373  0.71452624]
[0.7887373  0.71452624]
[0.6869099 0.5065302]
[0.6869099 0.5065302]
[0.6869099 0.5065302]
[0.6869099 0.5065302]
[0.6869099 0.5065302]
[0.6869099 0.5065302]
[0.6869099 0.5065302]
[0.6869099 0.5065302]
[0.6869099 0.5065302]
[0.7504176  0.42459232]
[0.78831494 0.734841  ]
[0.5690813  0.36816764]
[0.40319014 0.58120793]
[0.5690813  0.36816764]
[0.40319014 0.58120793]
[0.5690813  0.36816764]
[0.40319014 0.58120793]
[0.5690813  0.36816764]
[0.40319014 0.58120793]
[0.5690813  0.36816764]
[0.40319014 0.58120793]
[0.5690813  0.36816764]
[0.40319014 0.58120793]
[0.5690813  0.36816764]
[0.40319014 0.58120793]
[0.5690813  0.36816764]
[0.4382068 0.5675504]
[0.6771233  0.35752743]
[0.6869099 0.5065302]
[0.6771233  0.35752743]
[0.6869099 0.5065302]
[0.6771233  0.35752743]
[0.6869099 0.5065302]
[0.6771233  0.35752743]
[0.6869099 0.5065302]
[0.6771233  0.35752743]
[0.6869099 0.5065302]
[0.6771233  0.35752743]
[0.6869099 0.5065302]
[0.6771233  0.35752743]
[0.6869099 0.5065302]
[0.6771233  0.35752743]
[0.62786674 0.5108467 ]
[0.5690813  0.36816764]
[0.40319014 0.58120793]
[0.5690813  0.36816764]
[0.40319014 0.58120793]
[0.5690813  0.36816764]
[0.40319014 0.58120793]
[0.5690813  0.36816764]
[0.40319014 0.58120793]
[0.5690813  0.36816764]
[0.40319014 0.58120793]
[0.5690813  0.36816764]
[0.40319014 0.58120793]
[0.5690813  0.36816764]
[0.40319014 0.58120793]
[0.5690813  0.36816764]
[0.5057442  0.29830933]
[0.6133549 0.2630621]
[0.6133549 0.2630621]
[0.6133549 0.2630621]
[0.6133549 0.2630621]
[0.6133549 0.2630621]
[0.6133549 0.2630621]
[0.6133549 0.2630621]
[0.7331027 0.4533832]
[0.870859  0.6456542]
[0.6387892 0.7008692]
[0.6387892 0.7008692]
[0.6387892 0.7008692]
[0.562472   0.75651515]
[0.49971503 0.38982654]
[0.49971503 0.38982654]
[0.49971503 0.38982654]
[0.40319014 0.58120793]
[0.49342123 0.5896222 ]
[0.49342123 0.5896222 ]
[0.49342123 0.5896222 ]
[0.49342123 0.5896222 ]
[0.49342123 0.5896222 ]
[0.49342123 0.5896222 ]
[0.49342123 0.5896222 ]
[0.49342123 0.5896222 ]
[0.49342123 0.5896222 ]
[0.49342123 0.5896222 ]
[0.49342123 0.5896222 ]
[0.49342123 0.5896222 ]
[0.49342123 0.5896222 ]
[0.49342123 0.5896222 ]
[0.75893545 0.45245135]
[0.7733247 0.5616987]
[0.49971503 0.38982654]
[0.49971503 0.38982654]
[0.49971503 0.38982654]
[0.49971503 0.38982654]
[0.49971503 0.38982654]
[0.49971503 0.38982654]
[0.49971503 0.38982654]
[0.40319014 0.58120793]
[0.49342123 0.5896222 ]
[0.49342123 0.5896222 ]
[0.49342123 0.5896222 ]
[0.49342123 0.5896222 ]
[0.49342123 0.5896222 ]
[0.49342123 0.5896222 ]
[0.49342123 0.5896222 ]
[0.49342123 0.5896222 ]
[0.49342123 0.5896222 ]
[0.49342123 0.5896222 ]
[0.49342123 0.5896222 ]
[0.49342123 0.5896222 ]
[0.5690813  0.36816764]
[0.40319014 0.58120793]
[0.5690813  0.36816764]
[0.40319014 0.58120793]
[0.5690813  0.36816764]
[0.40319014 0.58120793]
[0.5690813  0.36816764]
[0.5057442  0.29830933]
[0.6133549 0.2630621]
[0.6133549 0.2630621]
[0.6133549 0.2630621]
[0.6133549 0.2630621]
[0.6133549 0.2630621]
[0.6133549 0.2630621]
[0.6133549 0.2630621]
[0.8923689 0.5460502]
[0.6133549 0.2630621]
[0.6133549 0.2630621]
[0.6133549 0.2630621]
[0.6133549 0.2630621]
[0.6133549 0.2630621]
[0.8923689 0.5460502]
[0.66080153 0.7624149 ]
[0.49971503 0.38982654]
[0.49971503 0.38982654]
[0.49971503 0.38982654]
[0.49971503 0.38982654]
[0.49971503 0.38982654]
[0.49971503 0.38982654]
[0.49971503 0.38982654]
[0.49971503 0.38982654]
[0.49971503 0.38982654]
[0.49971503 0.38982654]
[0.49971503 0.38982654]
[0.49971503 0.38982654]
[0.49971503 0.38982654]
[0.54901975 0.87067795]
[0.2706058 0.6116752]
[0.2706058 0.6116752]
[0.2706058 0.6116752]
[0.2706058 0.6116752]
[0.2706058 0.6116752]
[0.2706058 0.6116752]
[0.2706058 0.6116752]
[0.2706058 0.6116752]
[0.23861435 0.32694483]
[0.22739393 0.37643743]
[0.23861435 0.32694483]
[0.22739393 0.37643743]
[0.23861435 0.32694483]
[0.22739393 0.37643743]
[0.23861435 0.32694483]
[0.22739393 0.37643743]
[0.24697718 0.4776191 ]
[0.23595583 0.46458972]
[0.24697718 0.4776191 ]
[0.23595583 0.46458972]
[0.24697718 0.4776191 ]
[0.23595583 0.46458972]
[0.24697718 0.4776191 ]
[0.23595583 0.46458972]
[0.22886288 0.37519938]
[0.2253781  0.38406426]
[0.22886288 0.37519938]
[0.2253781  0.38406426]
[0.22886288 0.37519938]
[0.2253781  0.38406426]
[0.22886288 0.37519938]
[0.2253781  0.38406426]
[0.22322814 0.22334404]
[0.22507061 0.2272775 ]
[0.22322814 0.22334404]
[0.22507061 0.2272775 ]
[0.22322814 0.22334404]
[0.22507061 0.2272775 ]
[0.22322814 0.22334404]
[0.22507061 0.2272775 ]
[0.25132224 0.3516062 ]
[0.22282963 0.35989863]
[0.25132224 0.3516062 ]
[0.22282963 0.35989863]
[0.25132224 0.3516062 ]
[0.22282963 0.35989863]
[0.25132224 0.3516062 ]
[0.22282963 0.35989863]
[0.2706058 0.6116752]
[0.2706058 0.6116752]
[0.2706058 0.6116752]
[0.2706058 0.6116752]
[0.7198584  0.19795993]
[0.7198584  0.19795993]
[0.7198584  0.19795993]
[0.7198584  0.19795993]
[0.49583247 0.22365695]
[0.59022605 0.08373439]
[0.5880152  0.08470364]
[0.59022605 0.08373439]
[0.5880152  0.08470364]
[0.59022605 0.08373439]
[0.5880152  0.08470364]
[0.59022605 0.08373439]
[0.72077143 0.15447888]
[0.72077143 0.15447888]
[0.72077143 0.15447888]
[0.72077143 0.15447888]
[0.22725612 0.3616708 ]
[0.22282963 0.35989863]
[0.22725612 0.3616708 ]
[0.22282963 0.35989863]
[0.24129285 0.34400678]
[0.24129285 0.34400678]
[0.24129285 0.34400678]
[0.24129285 0.34400678]
[0.24129285 0.34400678]
[0.24129285 0.34400678]
[0.24129285 0.34400678]
[0.24129285 0.34400678]
[0.514037  0.5156408]
[0.2894646 0.6180781]
[0.514037  0.5156408]
[0.2894646 0.6180781]
[0.25690427 0.48892462]
[0.28651482 0.4451105 ]
[0.25690427 0.48892462]
[0.28651482 0.4451105 ]
[0.25690427 0.48892462]
[0.28651482 0.4451105 ]
[0.25690427 0.48892462]
[0.28651482 0.4451105 ]
[0.22725612 0.3616708 ]
[0.22282963 0.35989863]
[0.22725612 0.3616708 ]
[0.22282963 0.35989863]
[0.2706058 0.6116752]
[0.2706058 0.6116752]
[0.2706058 0.6116752]
[0.2706058 0.6116752]
[0.2706058 0.6116752]
[0.2706058 0.6116752]
[0.2706058 0.6116752]
[0.2706058 0.6116752]
[0.2706058 0.6116752]
[0.2706058 0.6116752]
[0.2706058 0.6116752]
[0.2706058 0.6116752]
[0.24129285 0.34400678]
[0.24129285 0.34400678]
[0.24129285 0.34400678]
[0.24129285 0.34400678]
[0.24129285 0.34400678]
[0.24129285 0.34400678]
[0.24129285 0.34400678]
[0.24129285 0.34400678]
[0.24871936 0.47576457]
[0.28190523 0.44237316]
[0.24871936 0.47576457]
[0.28190523 0.44237316]
[0.24871936 0.47576457]
[0.28190523 0.44237316]
[0.24871936 0.47576457]
[0.28190523 0.44237316]
[0.59528214 0.23903076]
[0.22001016 0.33591878]
[0.22282963 0.35989863]
[0.24408126 0.21638475]
[0.22725612 0.3616708 ]
[0.22282963 0.35989863]
[0.7294568  0.21410751]
[0.56715727 0.17835242]
[0.50246334 0.03169577]
[ 0.63154316 -0.00436327]
[ 0.61687875 -0.02634177]
[0.19613533 0.09853078]
[0.06723666 0.32187587]
[0.05946861 0.3331511 ]
[0.06723666 0.32187587]
[0.18826668 0.10820182]
[0.26901254 0.5003519 ]
[0.218925   0.17098582]
[0.26901254 0.5003519 ]
[0.218925   0.17098582]
[0.26901254 0.5003519 ]
[0.218925   0.17098582]
[0.26901254 0.5003519 ]
[0.2288635  0.20116986]
[0.37998337 0.57511544]
[0.3013792  0.47963136]
[0.37998337 0.57511544]
[0.3013792  0.47963136]
[0.37998337 0.57511544]
[0.3013792  0.47963136]
[0.2596542 0.5331887]
[0.2596542 0.5331887]
[0.2596542 0.5331887]
[0.2596542 0.5331887]
[0.2596542 0.5331887]
[0.2596542 0.5331887]
[0.2596542 0.5331887]
[0.17450869 0.48551458]
[0.2596542 0.5331887]
[0.2596542 0.5331887]
[0.2596542 0.5331887]
[0.2596542 0.5331887]
[0.2596542 0.5331887]
[0.2596542 0.5331887]
[0.2596542 0.5331887]
[0.15768462 0.42576236]
[0.2596542 0.5331887]
[0.2596542 0.5331887]
[0.2596542 0.5331887]
[0.2596542 0.5331887]
[0.2596542 0.5331887]
[0.2596542 0.5331887]
[0.26195893 0.4676596 ]
[0.15768462 0.42576236]
[0.2596542 0.5331887]
[0.2596542 0.5331887]
[0.2596542 0.5331887]
[0.2596542 0.5331887]
[0.2596542 0.5331887]
[0.2596542 0.5331887]
[0.2596542 0.5331887]
[0.15768462 0.42576236]
[0.2596542 0.5331887]
[0.2596542 0.5331887]
[0.2596542 0.5331887]
[0.2596542 0.5331887]
[0.2596542 0.5331887]
[0.2596542 0.5331887]
[0.2596542 0.5331887]
[0.15768462 0.42576236]
[0.2596542 0.5331887]
[0.2596542 0.5331887]
[0.2596542 0.5331887]
[0.2596542 0.5331887]
[0.2596542 0.5331887]
[0.2596542 0.5331887]
[0.2596542 0.5331887]
[0.15768462 0.42576236]
[0.2596542 0.5331887]
[0.2596542 0.5331887]
[0.2596542 0.5331887]
[0.2596542 0.5331887]
[0.2596542 0.5331887]
[0.2596542 0.5331887]
[0.284953   0.50288737]
[0.15768462 0.42576236]
[0.2596542 0.5331887]
[0.2596542 0.5331887]
[0.2596542 0.5331887]
[0.2596542 0.5331887]
[0.2596542 0.5331887]
[0.2596542 0.5331887]
[0.2596542 0.5331887]
[0.15768462 0.42576236]
[0.2596542 0.5331887]
[0.2596542 0.5331887]
[0.2596542 0.5331887]
[0.2596542 0.5331887]
[0.2596542 0.5331887]
[0.2596542 0.5331887]
[0.2596542 0.5331887]
[0.15768462 0.42576236]
[0.24713278 0.4747365 ]
[0.26335827 0.39842457]
[0.24713278 0.4747365 ]
[0.26335827 0.39842457]
[0.24713278 0.4747365 ]
[0.26335827 0.39842457]
[0.24713278 0.4747365 ]
[0.1757729  0.40211928]
[0.2596542 0.5331887]
[0.2596542 0.5331887]
[0.2596542 0.5331887]
[0.2596542 0.5331887]
[0.2596542 0.5331887]
[0.2596542 0.5331887]
[0.2596542 0.5331887]
[0.15768462 0.42576236]
[0.11670757 0.42148143]
[0.11670757 0.42148143]
[0.11670757 0.42148143]
[0.1175601 0.3936032]
[0.11670757 0.42148143]
[0.1175601 0.3936032]
[0.11670757 0.42148143]
[0.1175601 0.3936032]
[0.2596542 0.5331887]
[0.2596542 0.5331887]
[0.2596542 0.5331887]
[0.2596542 0.5331887]
[0.2596542 0.5331887]
[0.2596542 0.5331887]
[0.2596542 0.5331887]
[0.2596542 0.5331887]
[0.2596542 0.5331887]
[0.2596542 0.5331887]
[0.2596542 0.5331887]
[0.17450869 0.48551458]
[0.2596542 0.5331887]
[0.2596542 0.5331887]
[0.2596542 0.5331887]
[0.2596542 0.5331887]
[0.23121265 0.47038049]
[0.2507876  0.45270598]
[0.23121265 0.47038049]
[0.1757729  0.40211928]
[0.2596542 0.5331887]
[0.2596542 0.5331887]
[0.2596542 0.5331887]
[0.2596542 0.5331887]
[0.2596542 0.5331887]
[0.2596542 0.5331887]
[0.2596542 0.5331887]
[0.2596542 0.5331887]
[0.2596542 0.5331887]
[0.14031532 0.7470019 ]
[0.14031532 0.7470019 ]
[0.08216004 0.6325515 ]
[0.2596542 0.5331887]
[0.2596542 0.5331887]
[0.2596542 0.5331887]
[0.17450869 0.48551458]
[0.17450869 0.48551458]
[0.17450869 0.48551458]
[0.2596542 0.5331887]
[0.26195893 0.4676596 ]
[0.2596542 0.5331887]
[0.2596542 0.5331887]
[0.14031532 0.7470019 ]
[0.08216004 0.6325515 ]
[0.14031532 0.7470019 ]
[0.14031532 0.7470019 ]
[0.14031532 0.7470019 ]
[0.11148305 0.5625845 ]
[0.2596542 0.5331887]
[0.2596542 0.5331887]
[0.26195893 0.4676596 ]
[0.26195893 0.4676596 ]
[0.2596542 0.5331887]
[0.2596542 0.5331887]
[0.2596542 0.5331887]
[0.17450869 0.48551458]
[0.2596542 0.5331887]
[0.2596542 0.5331887]
[0.2596542 0.5331887]
[0.17450869 0.48551458]
[0.6011516  0.51063037]
[0.6011516  0.51063037]
[0.6011516  0.51063037]
[0.6011516  0.51063037]
[0.6011516  0.51063037]
[0.6011516  0.51063037]
[0.6011516  0.51063037]
[0.6011516  0.51063037]
[0.58506095 0.5088666 ]
[0.58506095 0.5088666 ]
[0.58506095 0.5088666 ]
[0.58506095 0.5088666 ]
[0.58506095 0.5088666 ]
[0.58506095 0.5088666 ]
[0.58506095 0.5088666 ]
[0.58506095 0.5088666 ]
[0.6361895 0.9165377]
[0.6361895 0.9165377]
[0.6361895 0.9165377]
[0.6361895 0.9165377]
[0.61782944 0.81971544]
[0.61782944 0.81971544]
[0.61782944 0.81971544]
[0.61782944 0.81971544]
[0.5894029 0.5510542]
[0.5787127 0.4737391]
[0.5894029 0.5510542]
[0.5787127 0.4737391]
[0.5894029 0.5510542]
[0.5787127 0.4737391]
[0.5868988  0.54243684]
[0.49052313 0.5549123 ]
[0.5715407  0.53600955]
[0.55796623 0.46600974]
[0.5715407  0.53600955]
[0.5855224  0.45181227]
[0.5715407  0.53600955]
[0.55796623 0.46600974]
[0.5715407  0.53600955]
[0.5855224  0.45181227]
[0.5894029 0.5510542]
[0.56099904 0.48662788]
[0.5894029 0.5510542]
[0.56099904 0.48662788]
[0.5894029 0.5510542]
[0.56099904 0.48662788]
[0.5894029 0.5510542]
[0.56099904 0.48662788]
[0.5894029 0.5510542]
[0.5787127 0.4737391]
[0.5894029 0.5510542]
[0.5787127 0.4737391]
[0.5894029 0.5510542]
[0.5787127 0.4737391]
[0.5894029 0.5510542]
[0.5787127 0.4737391]
[0.5715407  0.53600955]
[0.55796623 0.46600974]
[0.5715407  0.53600955]
[0.55796623 0.46600974]
[0.5715407  0.53600955]
[0.55796623 0.46600974]
[0.5715407  0.53600955]
[0.5855224  0.45181227]
[0.58809674 0.54817605]
[0.57187855 0.46759933]
[0.58809674 0.54817605]
[0.57187855 0.46759933]
[0.58809674 0.54817605]
[0.57187855 0.46759933]
[0.58809674 0.54817605]
[0.57187855 0.46759933]
[0.58809674 0.54817605]
[0.57187855 0.46759933]
[0.58809674 0.54817605]
[0.57187855 0.46759933]
[0.58809674 0.54817605]
[0.57187855 0.46759933]
[0.5894029 0.5510542]
[0.592726  0.5591011]
[0.58809674 0.54817605]
[0.55439603 0.43519002]
[0.58809674 0.54817605]
[0.55439603 0.43519002]
[0.58809674 0.54817605]
[0.55439603 0.43519002]
[0.58809674 0.54817605]
[0.55439603 0.43519002]
[0.58809674 0.54817605]
[0.55439603 0.43519002]
[0.58809674 0.54817605]
[0.55920446 0.42804086]
[0.58809674 0.54817605]
[0.55920446 0.42804086]
[0.58809674 0.54817605]
[0.55920446 0.42804086]
[0.58809674 0.54817605]
[0.55920446 0.42804086]
[0.58809674 0.54817605]
[0.55920446 0.42804086]
[0.58809674 0.54817605]
[0.55920446 0.42804086]
[0.58809674 0.54817605]
[0.55920446 0.42804086]
[0.58809674 0.54817605]
[0.55920446 0.42804086]
[0.58809674 0.54817605]
[0.55920446 0.42804086]
[0.5894029 0.5510542]
[0.5894029 0.5510542]
[0.5894029 0.5510542]
[0.56099904 0.48662788]
[0.5894029 0.5510542]
[0.5894029 0.5510542]
[0.5894029 0.5510542]
[0.49052313 0.5549123 ]
[0.5712209 0.4449188]
[0.58694565 0.4925362 ]
[0.5712209 0.4449188]
[0.58694565 0.4925362 ]
[0.5712209 0.4449188]
[0.58694565 0.4925362 ]
[0.5712209 0.4449188]
[0.58694565 0.4925362 ]
[0.5691335 0.4668399]
[0.59303874 0.47266984]
[0.55846846 0.4386052 ]
[0.5832219 0.4812811]
[0.5691335 0.4668399]
[0.59303874 0.47266984]
[0.55846846 0.4386052 ]
[0.5832219 0.4812811]
[0.58809674 0.54817605]
[0.5868988  0.54243684]
[0.58809674 0.54817605]
[0.5868988  0.54243684]
[0.58809674 0.54817605]
[0.5868988  0.54243684]
[0.58809674 0.54817605]
[0.5868988  0.54243684]
[0.5894029 0.5510542]
[0.5894029 0.5510542]
[0.5894029 0.5510542]
[0.5894029 0.5510542]
[0.5894029 0.5510542]
[0.5894029 0.5510542]
[0.58809674 0.54817605]
[0.5868988  0.54243684]
[0.5695531 0.4984511]
[0.5823833  0.52177924]
[0.5886017  0.50511307]
[0.5760388  0.53412575]
[0.5695531 0.4984511]
[0.5823833  0.52177924]
[0.5886017  0.50511307]
[0.5760388  0.53412575]
[0.5880518  0.64481395]
[0.6321272 0.6558603]
[0.5880518  0.64481395]
[0.6321272 0.6558603]
[0.5880518  0.64481395]
[0.6321272 0.6558603]
[0.5880518  0.64481395]
[0.6321272 0.6558603]
[0.6122788 0.7675701]
[0.666331  0.7290987]
[0.6122788 0.7675701]
[0.666331  0.7290987]
[0.6122788 0.7675701]
[0.666331  0.7290987]
[0.6122788 0.7675701]
[0.666331  0.7290987]
[0.5695531 0.4984511]
[0.57680047 0.37576866]
[0.5695531 0.4984511]
[0.57680047 0.37576866]
[0.5695531 0.4984511]
[0.57680047 0.37576866]
[0.5695531 0.4984511]
[0.57680047 0.37576866]
[0.5695531 0.4984511]
[0.57680047 0.37576866]
[0.57634306 0.49341404]
[0.5539365  0.35415322]
[0.57634306 0.49341404]
[0.5539365  0.35415322]
[0.5753446 0.487742 ]
[0.5682441  0.33833367]
[0.5894029 0.5510542]
[0.5787127 0.4737391]
[0.5894029 0.5510542]
[0.5787127 0.4737391]
[0.5894029 0.5510542]
[0.5787127 0.4737391]
[0.5894029 0.5510542]
[0.5787127 0.4737391]
[0.5712824  0.49663806]
[0.58204794 0.3612945 ]
[0.5712824  0.49663806]
[0.58204794 0.3612945 ]
[0.5712824  0.49663806]
[0.58204794 0.3612945 ]
[0.5712824  0.49663806]
[0.58204794 0.3612945 ]
[0.6122788 0.7675701]
[0.6277734  0.78100145]
[0.6122788 0.7675701]
[0.6277734  0.78100145]
[0.6122788 0.7675701]
[0.6277734  0.78100145]
[0.6122788 0.7675701]
[0.6438714  0.63308173]
[0.7536994 0.4865679]
[0.41594157 0.235619  ]
[0.8116127 0.5559059]
[0.5274159  0.33577633]
[0.52408135 0.32204965]
[0.5736078  0.26600778]
[0.48269528 0.32567877]
[0.33588296 0.6421546 ]
[0.80327404 0.2132782 ]
[0.64604807 0.43517852]
[0.7975316  0.17657837]
[0.64512426 0.30044347]
[0.36293525 0.67360497]
[0.2665288 0.2067563]
[0.5656755  0.32305652]
[0.52890766 0.3634501 ]
[0.5260216 0.210119 ]
[0.38632727 0.29278702]
[0.5702727  0.31173038]
[0.6763315  0.30211294]
[0.27648026 0.6123051 ]
[0.4200425 0.6459004]
[0.40375823 0.5123669 ]
[0.2842441 0.6000231]
[0.19410403 0.38613617]
[0.3898493  0.61087143]
[0.57197654 0.6585964 ]
[0.54415756 0.6379402 ]
[0.84153366 0.63772744]
[0.30930346 0.55121577]
[0.3177591 0.550415 ]
[0.6757326  0.40137118]
[0.28158325 0.6106337 ]
[0.5957494 0.5793313]
[0.44301584 0.5632718 ]
[0.2706058 0.6116752]
[0.38257453 0.57874256]
[0.38205063 0.41632783]
[0.6388546  0.38944322]
[0.2559866 0.624238 ]
[0.8180356  0.47290462]
[0.3244885 0.5649052]
[0.44286457 0.6094212 ]
[0.45193505 0.49554056]
[0.30766127 0.5113443 ]
[0.2766677 0.7520642]
[0.4901692 0.5585409]
[0.29990125 0.6192826 ]
[0.307912 0.582024]
[0.17115937 0.19792072]
[0.17115937 0.19792072]
[0.55023396 0.71168447]
[0.57069314 0.69546866]
[0.5989676 0.7160103]
[0.6272218  0.73003364]
[0.57346815 0.6597199 ]
[0.59252834 0.735553  ]
[0.48897806 0.71178436]
[0.558019  0.6604239]
[0.37613437 0.51712817]
[0.37613437 0.51712817]
[0.25012884 0.39169127]
[0.25012884 0.39169127]
[0.7310159  0.61279374]
[0.7310159  0.61279374]
[0.5618109 0.6592419]
[0.5618109 0.6592419]
[0.6428106 0.6662985]
[0.6178952  0.66553986]
[0.60982525 0.6511368 ]
[0.60982525 0.6511368 ]
[0.65238476 0.5832459 ]
[0.65238476 0.5832459 ]
[0.601599  0.3552602]
[0.64185166 0.6717129 ]
[0.6207276  0.69956535]
[0.6207276  0.69956535]
[0.61449033 0.3031397 ]
[0.59365714 0.59994936]
[0.7947223 0.5420124]
[0.7947223 0.5420124]
[0.61181813 0.66410214]
[0.55332184 0.7287278 ]
[0.5353997  0.60565954]
[0.5353997  0.60565954]
[0.6451702 0.7654329]
[0.6451702 0.7654329]
[0.2706058 0.6116752]
[0.2706058 0.6116752]
[0.40879002 0.49997073]
[0.44887003 0.7453532 ]
[0.7065618 0.5620486]
[0.68127835 0.50875473]
[0.4203247  0.17981194]
[0.4997735  0.15618591]
[0.5191363  0.10638815]
[0.5191363  0.10638815]
[0.67784595 0.26939672]
[0.67784595 0.26939672]
[0.2261233 0.5977633]
[0.2261233 0.5977633]
[0.3597614  0.44448954]
[0.33089796 0.47324115]
[0.28438666 0.43333882]
[0.28438666 0.43333882]