[0.5524479 0.4222996]
[0.9115593 0.6292174]
[0.9115593 0.6292174]
[0.9115593 0.6292174]
[0.50868887 0.67250144]
[0.51287526 0.6915976 ]
[0.50868887 0.67250144]
[0.51287526 0.6915976 ]
[0.47810948 0.6447376 ]
[0.5225613 0.5981002]
[0.47810948 0.6447376 ]
[0.5225613 0.5981002]
[0.47810948 0.6447376 ]
[0.5225613 0.5981002]
[0.47810948 0.6447376 ]
[0.5225613 0.5981002]
[0.27700657 0.62668455]
[0.29478335 0.6061485 ]
[0.27700657 0.62668455]
[0.29478335 0.6061485 ]
[0.27659935 0.6187513 ]
[0.29337668 0.60149086]
[0.27659935 0.6187513 ]
[0.29337668 0.60149086]
[0.27659935 0.6187513 ]
[0.29337668 0.60149086]
[0.27659935 0.6187513 ]
[0.29337668 0.60149086]
[0.27700657 0.62668455]
[0.29478335 0.6061485 ]
[0.27700657 0.62668455]
[0.29478335 0.6061485 ]
[0.27700657 0.62668455]
[0.29478335 0.6061485 ]
[0.27700657 0.62668455]
[0.29478335 0.6061485 ]
[0.9220906  0.49979338]
[0.9220906  0.49979338]
[0.27659935 0.6187513 ]
[0.29337668 0.60149086]
[0.27659935 0.6187513 ]
[0.29337668 0.60149086]
[0.29593462 0.56355834]
[0.2887339 0.5674623]
[0.29593462 0.56355834]
[0.2887339 0.5674623]
[0.27659935 0.6187513 ]
[0.29337668 0.60149086]
[0.27659935 0.6187513 ]
[0.30504626 0.61469626]
[0.27700657 0.62668455]
[0.29478335 0.6061485 ]
[0.27700657 0.62668455]
[0.29478335 0.6061485 ]
[0.27700657 0.62668455]
[0.29478335 0.6061485 ]
[0.27700657 0.62668455]
[0.29478335 0.6061485 ]
[0.27700657 0.62668455]
[0.29478335 0.6061485 ]
[0.27700657 0.62668455]
[0.29478335 0.6061485 ]
[0.27332503 0.5909666 ]
[0.28664553 0.5596986 ]
[0.27332503 0.5909666 ]
[0.28664553 0.5596986 ]
[0.27700657 0.62668455]
[0.29478335 0.6061485 ]
[0.27700657 0.62668455]
[0.29478335 0.6061485 ]
[0.9220906  0.49979338]
[0.8993527 0.6205541]
[0.85969096 0.62725437]
[0.99348134 0.54452574]
[0.9994407 0.5247053]
[0.50868887 0.67250144]
[0.51287526 0.6915976 ]
[0.50868887 0.67250144]
[0.51287526 0.6915976 ]
[0.47810948 0.6447376 ]
[0.5225613 0.5981002]
[0.47810948 0.6447376 ]
[0.5225613 0.5981002]
[0.27700657 0.62668455]
[0.29478335 0.6061485 ]
[0.27700657 0.62668455]
[0.29478335 0.6061485 ]
[0.27332503 0.5909666 ]
[0.28664553 0.5596986 ]
[0.27332503 0.5909666 ]
[0.28664553 0.5596986 ]
[0.27700657 0.62668455]
[0.29478335 0.6061485 ]
[0.27700657 0.62668455]
[0.29478335 0.6061485 ]
[0.27332503 0.5909666 ]
[0.28664553 0.5596986 ]
[0.27332503 0.5909666 ]
[0.28664553 0.5596986 ]
[0.9220906  0.49979338]
[0.9220906  0.49979338]
[0.9115593 0.6292174]
[0.94719154 0.6068753 ]
[0.94719154 0.6068753 ]
[0.92727166 0.5149908 ]
[0.92727166 0.5149908 ]
[0.47810948 0.6447376 ]
[0.5225613 0.5981002]
[0.47810948 0.6447376 ]
[0.5225613 0.5981002]
[0.28745872 0.6357633 ]
[0.22288533 0.60932994]
[0.28745872 0.6357633 ]
[0.22288533 0.60932994]
[0.27659935 0.6187513 ]
[0.2839886  0.60985625]
[0.27659935 0.6187513 ]
[0.2839886  0.60985625]
[0.27659935 0.6187513 ]
[0.2839886  0.60985625]
[0.27659935 0.6187513 ]
[0.2839886  0.60985625]
[0.27659935 0.6187513 ]
[0.2839886  0.60985625]
[0.27659935 0.6187513 ]
[0.2839886  0.60985625]
[0.27659935 0.6187513 ]
[0.2839886  0.60985625]
[0.27659935 0.6187513 ]
[0.2839886  0.60985625]
[0.29593462 0.56355834]
[0.2904842 0.561551 ]
[0.29593462 0.56355834]
[0.2904842 0.561551 ]
[0.95236844 0.6058377 ]
[0.95236844 0.6058377 ]
[0.7967599  0.48698267]
[0.7967599  0.48698267]
[0.7967599  0.48698267]
[0.7967599  0.48698267]
[0.7967599  0.48698267]
[0.7967599  0.48698267]
[0.7967599  0.48698267]
[0.7967599  0.48698267]
[0.7967599  0.48698267]
[0.7967599  0.48698267]
[0.7967599  0.48698267]
[0.7967599  0.48698267]
[0.7967599  0.48698267]
[0.7967599  0.48698267]
[0.7967599  0.48698267]
[0.7967599  0.48698267]
[0.8182393  0.32663813]
[0.8312802  0.35086218]
[0.8081488 0.3391445]
[0.8312802  0.35086218]
[0.8081488 0.3391445]
[0.8312802  0.35086218]
[0.8081488 0.3391445]
[0.32792175 0.4929789 ]
[0.24135886 0.46939412]
[0.29452646 0.47606966]
[0.24135886 0.46939412]
[0.29452646 0.47606966]
[0.24135886 0.46939412]
[0.29452646 0.47606966]
[0.24135886 0.46939412]
[0.29452646 0.47606966]
[0.24135886 0.46939412]
[0.24135886 0.46939412]
[0.24135886 0.46939412]
[0.24135886 0.46939412]
[0.24135886 0.46939412]
[0.24135886 0.46939412]
[0.24135886 0.46939412]
[0.24135886 0.46939412]
[0.22097178 0.26288128]
[0.23956622 0.26669177]
[0.22097178 0.26288128]
[0.23956622 0.26669177]
[0.22097178 0.26288128]
[0.23956622 0.26669177]
[0.22097178 0.26288128]
[0.23956622 0.26669177]
[0.22097178 0.26288128]
[0.23956622 0.26669177]
[0.22097178 0.26288128]
[0.23956622 0.26669177]
[0.22097178 0.26288128]
[0.23956622 0.26669177]
[0.22097178 0.26288128]
[0.23956622 0.26669177]
[0.22097178 0.26288128]
[0.23956622 0.26669177]
[0.22097178 0.26288128]
[0.23956622 0.26669177]
[0.22097178 0.26288128]
[0.23956622 0.26669177]
[0.22097178 0.26288128]
[0.23956622 0.26669177]
[0.22097178 0.26288128]
[0.23956622 0.26669177]
[0.22097178 0.26288128]
[0.23956622 0.26669177]
[0.22097178 0.26288128]
[0.23956622 0.26669177]
[0.22097178 0.26288128]
[0.23956622 0.26669177]
[0.22097178 0.26288128]
[0.23956622 0.26669177]
[0.22097178 0.26288128]
[0.23956622 0.26669177]
[0.22097178 0.26288128]
[0.23956622 0.26669177]
[0.22097178 0.26288128]
[0.23956622 0.26669177]
[0.24135886 0.46939412]
[0.24135886 0.46939412]
[0.24135886 0.46939412]
[0.24135886 0.46939412]
[0.24135886 0.46939412]
[0.24135886 0.46939412]
[0.24135886 0.46939412]
[0.24135886 0.46939412]
[0.24135886 0.46939412]
[0.24135886 0.46939412]
[0.24135886 0.46939412]
[0.24135886 0.46939412]
[0.24135886 0.46939412]
[0.24135886 0.46939412]
[0.24135886 0.46939412]
[0.24135886 0.46939412]
[0.24135886 0.46939412]
[0.24135886 0.46939412]
[0.24135886 0.46939412]
[0.24135886 0.46939412]
[0.24135886 0.46939412]
[0.24135886 0.46939412]
[0.24135886 0.46939412]
[0.24135886 0.46939412]
[0.24135886 0.46939412]
[0.24135886 0.46939412]
[0.24135886 0.46939412]
[0.24135886 0.46939412]
[0.24135886 0.46939412]
[0.24135886 0.46939412]
[0.24135886 0.46939412]
[0.24135886 0.46939412]
[0.24135886 0.46939412]
[0.24135886 0.46939412]
[0.24135886 0.46939412]
[0.24135886 0.46939412]
[0.24135886 0.46939412]
[0.24135886 0.46939412]
[0.24135886 0.46939412]
[0.24135886 0.46939412]
[0.22097178 0.26288128]
[0.23956622 0.26669177]
[0.22097178 0.26288128]
[0.23956622 0.26669177]
[0.22097178 0.26288128]
[0.23956622 0.26669177]
[0.22097178 0.26288128]
[0.23956622 0.26669177]
[0.22097178 0.26288128]
[0.23956622 0.26669177]
[0.22097178 0.26288128]
[0.23956622 0.26669177]
[0.22097178 0.26288128]
[0.23956622 0.26669177]
[0.22097178 0.26288128]
[0.23956622 0.26669177]
[0.22097178 0.26288128]
[0.23956622 0.26669177]
[0.22097178 0.26288128]
[0.23956622 0.26669177]
[0.22097178 0.26288128]
[0.23956622 0.26669177]
[0.22097178 0.26288128]
[0.23956622 0.26669177]
[0.8182393  0.32663813]
[0.8182393  0.32663813]
[0.8182393  0.32663813]
[0.8182393  0.32663813]
[0.8182393  0.32663813]
[0.8182393  0.32663813]
[0.8182393  0.32663813]
[0.8182393  0.32663813]
[0.8182393  0.32663813]
[0.8182393  0.32663813]
[0.8182393  0.32663813]
[0.8182393  0.32663813]
[0.8182393  0.32663813]
[0.8182393  0.32663813]
[0.8182393  0.32663813]
[0.8182393  0.32663813]
[0.8182393  0.32663813]
[0.8182393  0.32663813]
[0.8182393  0.32663813]
[0.8182393  0.32663813]
[0.8182393  0.32663813]
[0.8182393  0.32663813]
[0.8182393  0.32663813]
[0.8182393  0.32663813]
[0.8182393  0.32663813]
[0.8182393  0.32663813]
[0.8182393  0.32663813]
[0.8182393  0.32663813]
[0.8182393  0.32663813]
[0.8182393  0.32663813]
[0.8182393  0.32663813]
[0.8182393  0.32663813]
[0.6820211 0.1512137]
[0.6664925  0.18127802]
[0.6820211 0.1512137]
[0.6664925  0.18127802]
[0.6820211 0.1512137]
[0.6664925  0.18127802]
[0.6820211 0.1512137]
[0.6664925  0.18127802]
[0.6820211 0.1512137]
[0.6664925  0.18127802]
[0.6820211 0.1512137]
[0.6664925  0.18127802]
[0.6820211 0.1512137]
[0.6664925  0.18127802]
[0.6820211 0.1512137]
[0.6664925  0.18127802]
[0.6820211 0.1512137]
[0.6664925  0.18127802]
[0.6820211 0.1512137]
[0.6664925  0.18127802]
[0.6820211 0.1512137]
[0.6664925  0.18127802]
[0.6820211 0.1512137]
[0.6664925  0.18127802]
[0.6820211 0.1512137]
[0.6664925  0.18127802]
[0.6820211 0.1512137]
[0.6664925  0.18127802]
[0.6820211 0.1512137]
[0.6664925  0.18127802]
[0.6820211 0.1512137]
[0.6664925  0.18127802]
[0.22097178 0.26288128]
[0.23956622 0.26669177]
[0.22097178 0.26288128]
[0.23956622 0.26669177]
[0.22097178 0.26288128]
[0.23956622 0.26669177]
[0.22097178 0.26288128]
[0.23956622 0.26669177]
[0.22097178 0.26288128]
[0.23956622 0.26669177]
[0.22097178 0.26288128]
[0.23956622 0.26669177]
[0.22097178 0.26288128]
[0.23956622 0.26669177]
[0.22097178 0.26288128]
[0.23956622 0.26669177]
[0.22097178 0.26288128]
[0.23956622 0.26669177]
[0.22097178 0.26288128]
[0.23956622 0.26669177]
[0.22097178 0.26288128]
[0.23956622 0.26669177]
[0.22097178 0.26288128]
[0.23956622 0.26669177]
[0.86654764 0.4559711 ]
[0.8626954  0.42043862]
[0.86654764 0.4559711 ]
[0.8626954  0.42043862]
[0.86654764 0.4559711 ]
[0.8626954  0.42043862]
[0.86654764 0.4559711 ]
[0.8626954  0.42043862]
[0.78956    0.26292405]
[0.73507446 0.28112856]
[0.78956    0.26292405]
[0.73507446 0.28112856]
[0.78956    0.26292405]
[0.73507446 0.28112856]
[0.78956    0.26292405]
[0.80131805 0.10000959]
[0.8422931  0.10871342]
[0.80131805 0.10000959]
[0.9857479  0.20381722]
[0.4855582 0.3674101]
[0.5577503  0.22573176]
[0.4855582 0.3674101]
[0.5577503  0.22573176]
[0.5125552 0.5516685]
[0.5422164  0.31806454]
[0.55252403 0.363054  ]
[0.7069936 0.3130857]
[0.3673733  0.29983804]
[0.26682103 0.31362328]
[0.3673733  0.29983804]
[0.26682103 0.31362328]
[0.3673733  0.29983804]
[0.26682103 0.31362328]
[0.3673733  0.29983804]
[0.17035268 0.6795776 ]
[0.55242294 0.45639196]
[0.59101355 0.31567904]
[0.55242294 0.45639196]
[0.59101355 0.31567904]
[0.55242294 0.45639196]
[0.59101355 0.31567904]
[0.55242294 0.45639196]
[0.59821063 0.3988714 ]
[0.34797156 0.3036709 ]
[0.34858888 0.31549957]
[0.34797156 0.3036709 ]
[0.34858888 0.31549957]
[0.34797156 0.3036709 ]
[0.34858888 0.31549957]
[0.34797156 0.3036709 ]
[0.7962425  0.44803616]
[0.4372092 0.4049572]
[0.5143021  0.49896875]
[0.4372092 0.4049572]
[0.5143021  0.49896875]
[0.7967599  0.48698267]
[0.7967599  0.48698267]
[0.3731802  0.46641907]
[0.34469044 0.38779637]
[0.3731802  0.46641907]
[0.34469044 0.38779637]
[0.3731802  0.46641907]
[0.34469044 0.38779637]
[0.3731802  0.46641907]
[0.39495283 0.44257495]
[0.4372092 0.4049572]
[0.5143021  0.49896875]
[0.4372092 0.4049572]
[0.5143021  0.49896875]
[0.4372092 0.4049572]
[0.5143021  0.49896875]
[0.4372092 0.4049572]
[0.7682705 0.4743828]
[0.3129717  0.24188986]
[0.3828326  0.32079318]
[0.3129717  0.24188986]
[0.3828326  0.32079318]
[0.3129717  0.24188986]
[0.3828326  0.32079318]
[0.31931937 0.13721749]
[0.74401206 0.83436847]
[0.4417569  0.21971324]
[0.5192142 0.2702816]
[0.4417569  0.21971324]
[0.7702416  0.22134036]
[0.35012507 0.22030902]
[0.3633144  0.27754164]
[0.35012507 0.22030902]
[0.80342734 0.7219825 ]
[0.3731802  0.46641907]
[0.34469044 0.38779637]
[0.3731802  0.46641907]
[0.34469044 0.38779637]
[0.3731802  0.46641907]
[0.34469044 0.38779637]
[0.3731802  0.46641907]
[0.39495283 0.44257495]
[0.42246068 0.45642146]
[0.44282764 0.22080943]
[0.42246068 0.45642146]
[0.44282764 0.22080943]
[0.42246068 0.45642146]
[0.44282764 0.22080943]
[0.42246068 0.45642146]
[0.6812803  0.19621822]
[0.34797156 0.3036709 ]
[0.34858888 0.31549957]
[0.34797156 0.3036709 ]
[0.34858888 0.31549957]
[0.34797156 0.3036709 ]
[0.34858888 0.31549957]
[0.42850107 0.3086122 ]
[0.42063087 0.31099454]
[0.40470648 0.20635638]
[0.4095624  0.23064116]
[0.40470648 0.20635638]
[0.4095624  0.23064116]
[0.34271413 0.38856968]
[0.4135834  0.42006168]
[0.34271413 0.38856968]
[0.4135834  0.42006168]
[0.40470648 0.20635638]
[0.4095624  0.23064116]
[0.40470648 0.20635638]
[0.4095624  0.23064116]
[0.275553   0.21697137]
[0.7163577  0.24907273]
[0.275553   0.21697137]
[0.7702416  0.22134036]
[0.7669265  0.17256469]
[0.5988531  0.58631456]
[0.7669265  0.17256469]
[0.5988531  0.58631456]
[0.66720057 0.7113135 ]
[0.66720057 0.7113135 ]
[0.97226936 0.5743625 ]
[0.43684214 0.5290487 ]
[0.56520414 0.38134447]
[0.43684214 0.5290487 ]
[0.42122412 0.45275906]
[0.3935218  0.40267012]
[0.42122412 0.45275906]
[0.3935218  0.40267012]
[0.2893235  0.26267526]
[0.4865787  0.09372285]
[0.2893235  0.26267526]
[0.8437482  0.79091895]
[0.30672818 0.3304465 ]
[0.40869445 0.20322484]
[0.30672818 0.3304465 ]
[0.40869445 0.20322484]
[0.30672818 0.3304465 ]
[0.40869445 0.20322484]
[0.30672818 0.3304465 ]
[0.894872  0.6224973]
[0.7967599  0.48698267]
[0.7967599  0.48698267]
[0.7967599  0.48698267]
[0.7967599  0.48698267]
[0.459727  0.9288918]
[0.47960383 0.8968433 ]
[0.459727  0.9288918]
[0.99003464 0.72221494]
[0.4351917  0.54702735]
[0.51440567 0.6891444 ]
[0.4351917  0.54702735]
[0.51440567 0.6891444 ]
[0.29278553 0.34504917]
[0.3801685 0.2923797]
[0.29278553 0.34504917]
[0.3801685 0.2923797]
[0.29278553 0.34504917]
[0.3801685 0.2923797]
[0.29278553 0.34504917]
[0.3801685 0.2923797]
[0.29278553 0.34504917]
[0.3801685 0.2923797]
[0.29278553 0.34504917]
[0.3801685 0.2923797]
[0.27644444 0.29051867]
[0.3935979 0.2409842]
[0.27644444 0.29051867]
[0.3935979 0.2409842]
[0.86654764 0.4559711 ]
[0.86654764 0.4559711 ]
[0.86654764 0.4559711 ]
[0.86654764 0.4559711 ]
[0.35454655 0.14890441]
[0.33203572 0.16797405]
[0.35454655 0.14890441]
[0.33203572 0.16797405]
[0.3274812  0.37540826]
[0.41625804 0.28474215]
[0.3274812  0.37540826]
[0.41625804 0.28474215]
[0.32392013 0.24498361]
[0.33120114 0.3807216 ]
[0.32392013 0.24498361]
[0.33120114 0.3807216 ]
[0.32392013 0.24498361]
[0.33120114 0.3807216 ]
[0.3274812  0.37540826]
[0.41625804 0.28474215]
[0.30581945 0.33466604]
[0.41008735 0.24847558]
[0.30581945 0.33466604]
[0.41008735 0.24847558]
[0.3274812  0.37540826]
[0.4192688  0.30162498]
[0.3274812  0.37540826]
[0.4192688  0.30162498]
[0.32392013 0.24498361]
[0.33275408 0.38560233]
[0.32392013 0.24498361]
[0.33275408 0.38560233]
[0.35162497 0.33502504]
[0.4563418  0.21019277]
[0.35162497 0.33502504]
[0.4563418  0.21019277]
[0.34669226 0.2665096 ]
[0.3702224  0.19703138]
[0.34669226 0.2665096 ]
[0.3702224  0.19703138]
[0.34669226 0.2665096 ]
[0.3702224  0.19703138]
[0.34669226 0.2665096 ]
[0.3702224  0.19703138]
[0.7244546  0.15244472]
[0.7244546  0.15244472]
[0.7244546  0.15244472]
[0.6386778  0.00818034]
[0.31008476 0.31029317]
[0.27852005 0.34502164]
[0.31008476 0.31029317]
[0.27852005 0.34502164]
[0.44308007 0.24558622]
[0.3921638  0.39667782]
[0.44308007 0.24558622]
[0.3921638  0.39667782]
[0.39789325 0.4945002 ]
[0.43808067 0.5650505 ]
[0.39789325 0.4945002 ]
[0.43808067 0.5650505 ]
[0.38477486 0.46158686]
[0.37012506 0.5095353 ]
[0.38477486 0.46158686]
[0.3870712 0.4867144]
[0.38352925 0.49872515]
[0.3870712 0.4867144]
[0.38352925 0.49872515]
[0.3870712 0.4867144]
[0.38352925 0.49872515]
[0.3870712 0.4867144]
[0.38352925 0.49872515]
[0.3870712 0.4867144]
[0.6459201  0.10131168]
[0.6459201  0.10131168]
[0.6459201  0.10131168]
[0.6459201  0.10131168]
[0.6459201  0.10131168]
[0.6459201  0.10131168]
[0.51415664 0.04348479]
[0.6849781  0.01661584]
[0.36221993 0.73043966]
[0.52816325 0.3270794 ]
[0.36221993 0.73043966]
[0.46968377 0.83192647]
[0.3655191 0.674824 ]
[0.459253  0.7158612]
[0.3655191 0.674824 ]
[0.459253  0.7158612]
[0.3655191 0.674824 ]
[0.459253  0.7158612]
[0.3655191 0.674824 ]
[0.459253  0.7158612]
[0.3655191 0.674824 ]
[0.459253  0.7158612]
[0.3655191 0.674824 ]
[0.459253  0.7158612]
[0.35400635 0.60808706]
[0.4257248  0.53084207]
[0.35400635 0.60808706]
[0.4257248  0.53084207]
[0.35400635 0.60808706]
[0.4257248  0.53084207]
[0.35400635 0.60808706]
[0.4257248  0.53084207]
[0.35400635 0.60808706]
[0.4257248  0.53084207]
[0.35400635 0.60808706]
[0.18695484 0.7947798 ]
[0.3655191 0.674824 ]
[0.459253  0.7158612]
[0.3655191 0.674824 ]
[0.459253  0.7158612]
[0.3655191 0.674824 ]
[0.459253  0.7158612]
[0.3655191 0.674824 ]
[0.459253  0.7158612]
[0.35400635 0.60808706]
[0.4257248  0.53084207]
[0.35400635 0.60808706]
[0.4257248  0.53084207]
[0.7558135  0.32183018]
[0.7416883  0.19420785]
[0.7558135  0.32183018]
[0.7416883  0.19420785]
[0.7558135  0.32183018]
[0.7416883  0.19420785]
[0.7558135  0.32183018]
[0.7416883  0.19420785]
[0.5140845 0.2872493]
[0.40171164 0.2977597 ]
[0.3433591  0.32462642]
[0.40171164 0.2977597 ]
[0.3433591  0.32462642]
[0.40171164 0.2977597 ]
[0.3433591  0.32462642]
[0.40171164 0.2977597 ]
[0.3433591  0.32462642]
[0.40171164 0.2977597 ]
[0.3433591  0.32462642]
[0.40171164 0.2977597 ]
[0.3433591  0.32462642]
[0.40171164 0.2977597 ]
[0.26254505 0.39744118]
[0.3636195 0.259093 ]
[0.3254978  0.34245303]
[0.3875389  0.22821209]
[0.3254978  0.34245303]
[0.3875389  0.22821209]
[0.3254978  0.34245303]
[0.3875389  0.22821209]
[0.3254978  0.34245303]
[0.3875389  0.22821209]
[0.31126684 0.32524398]
[0.3897925  0.22917268]
[0.31126684 0.32524398]
[0.3897925  0.22917268]
[0.3214895 0.3193296]
[0.40233982 0.22719198]
[0.3254978  0.34245303]
[0.3875389  0.22821209]
[0.3254978  0.34245303]
[0.3875389  0.22821209]
[0.3254978  0.34245303]
[0.3875389  0.22821209]
[0.7935498 0.5650891]
[0.7935498 0.5650891]
[0.7935498 0.5650891]
[0.7935498 0.5650891]
[0.8130356 0.3803828]
[0.6781967  0.49770883]
[0.6781967  0.49770883]
[0.6781967  0.49770883]
[0.6781967  0.49770883]
[0.6781967  0.49770883]
[0.6781967  0.49770883]
[0.6781967  0.49770883]
[0.6781967  0.49770883]
[0.6781967  0.49770883]
[0.6781967  0.49770883]
[0.6781967  0.49770883]
[0.6781967  0.49770883]
[0.6781967  0.49770883]
[0.85486835 0.5791904 ]
[0.7831628 0.7150382]
[0.7831628 0.7150382]
[0.7831628 0.7150382]
[0.6781967  0.49770883]
[0.6781967  0.49770883]
[0.6781967  0.49770883]
[0.6781967  0.49770883]
[0.6781967  0.49770883]
[0.6781967  0.49770883]
[0.6781967  0.49770883]
[0.6781967  0.49770883]
[0.6781967  0.49770883]
[0.75147945 0.46942225]
[0.7481251 0.7517804]
[0.5189785  0.38375065]
[0.4033391  0.56706774]
[0.5189785  0.38375065]
[0.4033391  0.56706774]
[0.5189785  0.38375065]
[0.4033391  0.56706774]
[0.5189785  0.38375065]
[0.4033391  0.56706774]
[0.5189785  0.38375065]
[0.4033391  0.56706774]
[0.5189785  0.38375065]
[0.4033391  0.56706774]
[0.5189785  0.38375065]
[0.4033391  0.56706774]
[0.5189785  0.38375065]
[0.38691556 0.54335594]
[0.63954574 0.39348337]
[0.6781967  0.49770883]
[0.63954574 0.39348337]
[0.6781967  0.49770883]
[0.63954574 0.39348337]
[0.6781967  0.49770883]
[0.63954574 0.39348337]
[0.6781967  0.49770883]
[0.63954574 0.39348337]
[0.6781967  0.49770883]
[0.63954574 0.39348337]
[0.6781967  0.49770883]
[0.63954574 0.39348337]
[0.6781967  0.49770883]
[0.63954574 0.39348337]
[0.5703015 0.5158578]
[0.5189785  0.38375065]
[0.4033391  0.56706774]
[0.5189785  0.38375065]
[0.4033391  0.56706774]
[0.5189785  0.38375065]
[0.4033391  0.56706774]
[0.5189785  0.38375065]
[0.4033391  0.56706774]
[0.5189785  0.38375065]
[0.4033391  0.56706774]
[0.5189785  0.38375065]
[0.4033391  0.56706774]
[0.5189785  0.38375065]
[0.4033391  0.56706774]
[0.5189785  0.38375065]
[0.49588174 0.31820807]
[0.60735756 0.24425507]
[0.60735756 0.24425507]
[0.60735756 0.24425507]
[0.60735756 0.24425507]
[0.60735756 0.24425507]
[0.60735756 0.24425507]
[0.60735756 0.24425507]
[0.7639665 0.4977413]
[0.834258  0.6210253]
[0.44443226 0.81933725]
[0.44443226 0.81933725]
[0.44443226 0.81933725]
[0.43317103 0.8518995 ]
[0.46842515 0.41638795]
[0.46842515 0.41638795]
[0.46842515 0.41638795]
[0.4033391  0.56706774]
[0.47625417 0.58892524]
[0.47625417 0.58892524]
[0.47625417 0.58892524]
[0.47625417 0.58892524]
[0.47625417 0.58892524]
[0.47625417 0.58892524]
[0.47625417 0.58892524]
[0.47625417 0.58892524]
[0.47625417 0.58892524]
[0.47625417 0.58892524]
[0.47625417 0.58892524]
[0.47625417 0.58892524]
[0.47625417 0.58892524]
[0.47625417 0.58892524]
[0.73431146 0.4305971 ]
[0.85919434 0.28770995]
[0.46842515 0.41638795]
[0.46842515 0.41638795]
[0.46842515 0.41638795]
[0.46842515 0.41638795]
[0.46842515 0.41638795]
[0.46842515 0.41638795]
[0.46842515 0.41638795]
[0.4033391  0.56706774]
[0.47625417 0.58892524]
[0.47625417 0.58892524]
[0.47625417 0.58892524]
[0.47625417 0.58892524]
[0.47625417 0.58892524]
[0.47625417 0.58892524]
[0.47625417 0.58892524]
[0.47625417 0.58892524]
[0.47625417 0.58892524]
[0.47625417 0.58892524]
[0.47625417 0.58892524]
[0.47625417 0.58892524]
[0.5189785  0.38375065]
[0.4033391  0.56706774]
[0.5189785  0.38375065]
[0.4033391  0.56706774]
[0.5189785  0.38375065]
[0.4033391  0.56706774]
[0.5189785  0.38375065]
[0.49588174 0.31820807]
[0.60735756 0.24425507]
[0.60735756 0.24425507]
[0.60735756 0.24425507]
[0.60735756 0.24425507]
[0.60735756 0.24425507]
[0.60735756 0.24425507]
[0.60735756 0.24425507]
[0.89095634 0.5734068 ]
[0.60735756 0.24425507]
[0.60735756 0.24425507]
[0.60735756 0.24425507]
[0.60735756 0.24425507]
[0.60735756 0.24425507]
[0.89095634 0.5734068 ]
[0.7016157  0.77688503]
[0.46842515 0.41638795]
[0.46842515 0.41638795]
[0.46842515 0.41638795]
[0.46842515 0.41638795]
[0.46842515 0.41638795]
[0.46842515 0.41638795]
[0.46842515 0.41638795]
[0.46842515 0.41638795]
[0.46842515 0.41638795]
[0.46842515 0.41638795]
[0.46842515 0.41638795]
[0.46842515 0.41638795]
[0.46842515 0.41638795]
[0.732012   0.71978426]
[0.27659935 0.6187513 ]
[0.27659935 0.6187513 ]
[0.27659935 0.6187513 ]
[0.27659935 0.6187513 ]
[0.27659935 0.6187513 ]
[0.27659935 0.6187513 ]
[0.27659935 0.6187513 ]
[0.27659935 0.6187513 ]
[0.2432325 0.3129069]
[0.2223128 0.3665448]
[0.2432325 0.3129069]
[0.2223128 0.3665448]
[0.2432325 0.3129069]
[0.2223128 0.3665448]
[0.2432325 0.3129069]
[0.2223128 0.3665448]
[0.27223366 0.47048816]
[0.27679718 0.45812467]
[0.27223366 0.47048816]
[0.27679718 0.45812467]
[0.27223366 0.47048816]
[0.27679718 0.45812467]
[0.27223366 0.47048816]
[0.27679718 0.45812467]
[0.21423377 0.35672662]
[0.22911437 0.35882333]
[0.21423377 0.35672662]
[0.22911437 0.35882333]
[0.21423377 0.35672662]
[0.22911437 0.35882333]
[0.21423377 0.35672662]
[0.22911437 0.35882333]
[0.24168901 0.20091727]
[0.23993649 0.2238411 ]
[0.24168901 0.20091727]
[0.23993649 0.2238411 ]
[0.24168901 0.20091727]
[0.23993649 0.2238411 ]
[0.24168901 0.20091727]
[0.23993649 0.2238411 ]
[0.23971333 0.39329758]
[0.21670772 0.35298958]
[0.23971333 0.39329758]
[0.21670772 0.35298958]
[0.23971333 0.39329758]
[0.21670772 0.35298958]
[0.23971333 0.39329758]
[0.21670772 0.35298958]
[0.27659935 0.6187513 ]
[0.27659935 0.6187513 ]
[0.27659935 0.6187513 ]
[0.27659935 0.6187513 ]
[0.70731133 0.18341911]
[0.70731133 0.18341911]
[0.70731133 0.18341911]
[0.70731133 0.18341911]
[0.37198114 0.2424756 ]
[0.54835826 0.0835447 ]
[0.5982112  0.06630442]
[0.54835826 0.0835447 ]
[0.5982112  0.06630442]
[0.54835826 0.0835447 ]
[0.5982112  0.06630442]
[0.54835826 0.0835447 ]
[0.68179387 0.20385432]
[0.68179387 0.20385432]
[0.68179387 0.20385432]
[0.68179387 0.20385432]
[0.2148019  0.36870196]
[0.21670772 0.35298958]
[0.2148019  0.36870196]
[0.21670772 0.35298958]
[0.24236922 0.34564033]
[0.24236922 0.34564033]
[0.24236922 0.34564033]
[0.24236922 0.34564033]
[0.24236922 0.34564033]
[0.24236922 0.34564033]
[0.24236922 0.34564033]
[0.24236922 0.34564033]
[0.31223643 0.55358076]
[0.27952284 0.6263404 ]
[0.31223643 0.55358076]
[0.27952284 0.6263404 ]
[0.274823  0.5046555]
[0.28378296 0.45628312]
[0.274823  0.5046555]
[0.28378296 0.45628312]
[0.274823  0.5046555]
[0.28378296 0.45628312]
[0.274823  0.5046555]
[0.28378296 0.45628312]
[0.2148019  0.36870196]
[0.21670772 0.35298958]
[0.2148019  0.36870196]
[0.21670772 0.35298958]
[0.27659935 0.6187513 ]
[0.27659935 0.6187513 ]
[0.27659935 0.6187513 ]
[0.27659935 0.6187513 ]
[0.27659935 0.6187513 ]
[0.27659935 0.6187513 ]
[0.27659935 0.6187513 ]
[0.27659935 0.6187513 ]
[0.27659935 0.6187513 ]
[0.27659935 0.6187513 ]
[0.27659935 0.6187513 ]
[0.27659935 0.6187513 ]
[0.24236922 0.34564033]
[0.24236922 0.34564033]
[0.24236922 0.34564033]
[0.24236922 0.34564033]
[0.24236922 0.34564033]
[0.24236922 0.34564033]
[0.24236922 0.34564033]
[0.24236922 0.34564033]
[0.24135886 0.46939412]
[0.27188754 0.40893206]
[0.24135886 0.46939412]
[0.27188754 0.40893206]
[0.24135886 0.46939412]
[0.27188754 0.40893206]
[0.24135886 0.46939412]
[0.27188754 0.40893206]
[0.57497054 0.25766817]
[0.2569018  0.34024957]
[0.21670772 0.35298958]
[0.28556216 0.2576827 ]
[0.2148019  0.36870196]
[0.21670772 0.35298958]
[0.7680298 0.2227084]
[0.59622884 0.23359907]
[ 0.5986731  -0.03576002]
[ 0.61453676 -0.03016579]
[ 0.6106062  -0.00538068]
[0.15428503 0.11095893]
[0.08447808 0.32379636]
[0.06854753 0.32950667]
[0.08447808 0.32379636]
[0.20232238 0.1355268 ]
[0.24914722 0.50971997]
[0.19065543 0.21858504]
[0.24914722 0.50971997]
[0.19065543 0.21858504]
[0.24914722 0.50971997]
[0.19065543 0.21858504]
[0.24914722 0.50971997]
[0.23155372 0.20995995]
[0.32762402 0.60294163]
[0.32406414 0.41432002]
[0.32762402 0.60294163]
[0.32406414 0.41432002]
[0.32762402 0.60294163]
[0.32406414 0.41432002]
[0.2687477 0.5273049]
[0.2687477 0.5273049]
[0.2687477 0.5273049]
[0.2687477 0.5273049]
[0.2687477 0.5273049]
[0.2687477 0.5273049]
[0.2687477 0.5273049]
[0.16390876 0.4750364 ]
[0.2687477 0.5273049]
[0.2687477 0.5273049]
[0.2687477 0.5273049]
[0.2687477 0.5273049]
[0.2687477 0.5273049]
[0.2687477 0.5273049]
[0.2687477 0.5273049]
[0.16397996 0.43402287]
[0.2687477 0.5273049]
[0.2687477 0.5273049]
[0.2687477 0.5273049]
[0.2687477 0.5273049]
[0.2687477 0.5273049]
[0.2687477 0.5273049]
[0.30284578 0.495486  ]
[0.16397996 0.43402287]
[0.2687477 0.5273049]
[0.2687477 0.5273049]
[0.2687477 0.5273049]
[0.2687477 0.5273049]
[0.2687477 0.5273049]
[0.2687477 0.5273049]
[0.2687477 0.5273049]
[0.16397996 0.43402287]
[0.2687477 0.5273049]
[0.2687477 0.5273049]
[0.2687477 0.5273049]
[0.2687477 0.5273049]
[0.2687477 0.5273049]
[0.2687477 0.5273049]
[0.2687477 0.5273049]
[0.16397996 0.43402287]
[0.2687477 0.5273049]
[0.2687477 0.5273049]
[0.2687477 0.5273049]
[0.2687477 0.5273049]
[0.2687477 0.5273049]
[0.2687477 0.5273049]
[0.2687477 0.5273049]
[0.16397996 0.43402287]
[0.2687477 0.5273049]
[0.2687477 0.5273049]
[0.2687477 0.5273049]
[0.2687477 0.5273049]
[0.2687477 0.5273049]
[0.2687477 0.5273049]
[0.3152933  0.47281525]
[0.16397996 0.43402287]
[0.2687477 0.5273049]
[0.2687477 0.5273049]
[0.2687477 0.5273049]
[0.2687477 0.5273049]
[0.2687477 0.5273049]
[0.2687477 0.5273049]
[0.2687477 0.5273049]
[0.16397996 0.43402287]
[0.2687477 0.5273049]
[0.2687477 0.5273049]
[0.2687477 0.5273049]
[0.2687477 0.5273049]
[0.2687477 0.5273049]
[0.2687477 0.5273049]
[0.2687477 0.5273049]
[0.16397996 0.43402287]
[0.2424276  0.47915486]
[0.23875572 0.38472256]
[0.2424276  0.47915486]
[0.23875572 0.38472256]
[0.2424276  0.47915486]
[0.23875572 0.38472256]
[0.2424276  0.47915486]
[0.16648944 0.36323538]
[0.2687477 0.5273049]
[0.2687477 0.5273049]
[0.2687477 0.5273049]
[0.2687477 0.5273049]
[0.2687477 0.5273049]
[0.2687477 0.5273049]
[0.2687477 0.5273049]
[0.16397996 0.43402287]
[0.12998356 0.43366858]
[0.12998356 0.43366858]
[0.12998356 0.43366858]
[0.10212617 0.40432212]
[0.12998356 0.43366858]
[0.10212617 0.40432212]
[0.12998356 0.43366858]
[0.10212617 0.40432212]
[0.2687477 0.5273049]
[0.2687477 0.5273049]
[0.2687477 0.5273049]
[0.2687477 0.5273049]
[0.2687477 0.5273049]
[0.2687477 0.5273049]
[0.2687477 0.5273049]
[0.2687477 0.5273049]
[0.2687477 0.5273049]
[0.2687477 0.5273049]
[0.2687477 0.5273049]
[0.16390876 0.4750364 ]
[0.2687477 0.5273049]
[0.2687477 0.5273049]
[0.2687477 0.5273049]
[0.2687477 0.5273049]
[0.22280647 0.5256227 ]
[0.21073909 0.38488588]
[0.22280647 0.5256227 ]
[0.16648944 0.36323538]
[0.2687477 0.5273049]
[0.2687477 0.5273049]
[0.2687477 0.5273049]
[0.2687477 0.5273049]
[0.2687477 0.5273049]
[0.2687477 0.5273049]
[0.2687477 0.5273049]
[0.2687477 0.5273049]
[0.2687477 0.5273049]
[0.13951789 0.74019444]
[0.13951789 0.74019444]
[0.06855159 0.64306724]
[0.2687477 0.5273049]
[0.2687477 0.5273049]
[0.2687477 0.5273049]
[0.16390876 0.4750364 ]
[0.16390876 0.4750364 ]
[0.16390876 0.4750364 ]
[0.2687477 0.5273049]
[0.30284578 0.495486  ]
[0.2687477 0.5273049]
[0.2687477 0.5273049]
[0.13951789 0.74019444]
[0.06855159 0.64306724]
[0.13951789 0.74019444]
[0.13951789 0.74019444]
[0.13951789 0.74019444]
[0.0875825  0.56519127]
[0.2687477 0.5273049]
[0.2687477 0.5273049]
[0.30284578 0.495486  ]
[0.30284578 0.495486  ]
[0.2687477 0.5273049]
[0.2687477 0.5273049]
[0.2687477 0.5273049]
[0.16390876 0.4750364 ]
[0.2687477 0.5273049]
[0.2687477 0.5273049]
[0.2687477 0.5273049]
[0.16390876 0.4750364 ]
[0.58052033 0.5268067 ]
[0.58052033 0.5268067 ]
[0.58052033 0.5268067 ]
[0.58052033 0.5268067 ]
[0.58052033 0.5268067 ]
[0.58052033 0.5268067 ]
[0.58052033 0.5268067 ]
[0.58052033 0.5268067 ]
[0.556563  0.5185511]
[0.556563  0.5185511]
[0.556563  0.5185511]
[0.556563  0.5185511]
[0.556563  0.5185511]
[0.556563  0.5185511]
[0.556563  0.5185511]
[0.556563  0.5185511]
[0.6428355 0.8923707]
[0.6428355 0.8923707]
[0.6428355 0.8923707]
[0.6428355 0.8923707]
[0.5934843 0.809211 ]
[0.5934843 0.809211 ]
[0.5934843 0.809211 ]
[0.5934843 0.809211 ]
[0.56520253 0.5582112 ]
[0.54825854 0.5014806 ]
[0.56520253 0.5582112 ]
[0.54825854 0.5014806 ]
[0.56520253 0.5582112 ]
[0.54825854 0.5014806 ]
[0.5319643 0.5563055]
[0.46217448 0.5536474 ]
[0.5631511  0.55057395]
[0.5005312  0.50536394]
[0.5631511  0.55057395]
[0.55508024 0.44060734]
[0.5631511  0.55057395]
[0.5005312  0.50536394]
[0.5631511  0.55057395]
[0.55508024 0.44060734]
[0.56520253 0.5582112 ]
[0.5189881 0.5025525]
[0.56520253 0.5582112 ]
[0.5189881 0.5025525]
[0.56520253 0.5582112 ]
[0.5189881 0.5025525]
[0.56520253 0.5582112 ]
[0.5189881 0.5025525]
[0.56520253 0.5582112 ]
[0.54825854 0.5014806 ]
[0.56520253 0.5582112 ]
[0.54825854 0.5014806 ]
[0.56520253 0.5582112 ]
[0.54825854 0.5014806 ]
[0.56520253 0.5582112 ]
[0.54825854 0.5014806 ]
[0.5631511  0.55057395]
[0.5005312  0.50536394]
[0.5631511  0.55057395]
[0.5005312  0.50536394]
[0.5631511  0.55057395]
[0.5005312  0.50536394]
[0.5631511  0.55057395]
[0.55508024 0.44060734]
[0.56163263 0.57111716]
[0.5405038  0.49005535]
[0.56163263 0.57111716]
[0.5405038  0.49005535]
[0.56163263 0.57111716]
[0.5405038  0.49005535]
[0.56163263 0.57111716]
[0.5405038  0.49005535]
[0.56163263 0.57111716]
[0.5405038  0.49005535]
[0.56163263 0.57111716]
[0.5405038  0.49005535]
[0.56163263 0.57111716]
[0.5405038  0.49005535]
[0.56520253 0.5582112 ]
[0.5819545  0.49150607]
[0.56163263 0.57111716]
[0.5031084 0.4684824]
[0.56163263 0.57111716]
[0.5031084 0.4684824]
[0.56163263 0.57111716]
[0.5031084 0.4684824]
[0.56163263 0.57111716]
[0.5031084 0.4684824]
[0.56163263 0.57111716]
[0.5031084 0.4684824]
[0.56163263 0.57111716]
[0.5115162  0.45737532]
[0.56163263 0.57111716]
[0.5115162  0.45737532]
[0.56163263 0.57111716]
[0.5115162  0.45737532]
[0.56163263 0.57111716]
[0.5115162  0.45737532]
[0.56163263 0.57111716]
[0.5115162  0.45737532]
[0.56163263 0.57111716]
[0.5115162  0.45737532]
[0.56163263 0.57111716]
[0.5115162  0.45737532]
[0.56163263 0.57111716]
[0.5115162  0.45737532]
[0.56163263 0.57111716]
[0.5115162  0.45737532]
[0.56520253 0.5582112 ]
[0.56520253 0.5582112 ]
[0.56520253 0.5582112 ]
[0.5189881 0.5025525]
[0.56520253 0.5582112 ]
[0.56520253 0.5582112 ]
[0.56520253 0.5582112 ]
[0.46217448 0.5536474 ]
[0.5713131 0.4629213]
[0.5829494  0.46051797]
[0.5713131 0.4629213]
[0.5829494  0.46051797]
[0.5713131 0.4629213]
[0.5829494  0.46051797]
[0.5713131 0.4629213]
[0.5829494  0.46051797]
[0.5420142 0.519727 ]
[0.5415388  0.51741993]
[0.5797046 0.4674054]
[0.58743274 0.46701685]
[0.5420142 0.519727 ]
[0.5415388  0.51741993]
[0.5797046 0.4674054]
[0.58743274 0.46701685]
[0.56163263 0.57111716]
[0.5319643 0.5563055]
[0.56163263 0.57111716]
[0.5319643 0.5563055]
[0.56163263 0.57111716]
[0.5319643 0.5563055]
[0.56163263 0.57111716]
[0.5319643 0.5563055]
[0.56520253 0.5582112 ]
[0.56520253 0.5582112 ]
[0.56520253 0.5582112 ]
[0.56520253 0.5582112 ]
[0.56520253 0.5582112 ]
[0.56520253 0.5582112 ]
[0.56163263 0.57111716]
[0.5319643 0.5563055]
[0.56671524 0.49417713]
[0.60771066 0.5524535 ]
[0.5698351  0.49342248]
[0.5856103 0.5696541]
[0.56671524 0.49417713]
[0.60771066 0.5524535 ]
[0.5698351  0.49342248]
[0.5856103 0.5696541]
[0.61005574 0.63837016]
[0.6092322 0.6724931]
[0.61005574 0.63837016]
[0.6092322 0.6724931]
[0.61005574 0.63837016]
[0.6092322 0.6724931]
[0.61005574 0.63837016]
[0.6092322 0.6724931]
[0.59694576 0.7834121 ]
[0.66947556 0.7787124 ]
[0.59694576 0.7834121 ]
[0.66947556 0.7787124 ]
[0.59694576 0.7834121 ]
[0.66947556 0.7787124 ]
[0.59694576 0.7834121 ]
[0.66947556 0.7787124 ]
[0.56671524 0.49417713]
[0.57668865 0.38492808]
[0.56671524 0.49417713]
[0.57668865 0.38492808]
[0.56671524 0.49417713]
[0.57668865 0.38492808]
[0.56671524 0.49417713]
[0.57668865 0.38492808]
[0.56671524 0.49417713]
[0.57668865 0.38492808]
[0.613795   0.44899067]
[0.5395053  0.34842387]
[0.613795   0.44899067]
[0.5395053  0.34842387]
[0.58548576 0.47126892]
[0.5463534  0.38097033]
[0.56520253 0.5582112 ]
[0.54825854 0.5014806 ]
[0.56520253 0.5582112 ]
[0.54825854 0.5014806 ]
[0.56520253 0.5582112 ]
[0.54825854 0.5014806 ]
[0.56520253 0.5582112 ]
[0.54825854 0.5014806 ]
[0.5624935  0.50194323]
[0.5519262  0.37378713]
[0.5624935  0.50194323]
[0.5519262  0.37378713]
[0.5624935  0.50194323]
[0.5519262  0.37378713]
[0.5624935  0.50194323]
[0.5519262  0.37378713]
[0.59694576 0.7834121 ]
[0.6497711  0.78215945]
[0.59694576 0.7834121 ]
[0.6497711  0.78215945]
[0.59694576 0.7834121 ]
[0.6497711  0.78215945]
[0.59694576 0.7834121 ]
[0.68439263 0.6593838 ]
[0.40730476 0.7873416 ]
[0.38528204 0.265653  ]
[0.75602    0.60224164]
[0.5355798  0.34414366]
[0.2916615  0.30519828]
[0.5342365  0.10988393]
[0.32123983 0.6289774 ]
[0.3259312 0.6704093]
[0.8363166  0.28969827]
[0.63233286 0.45047656]
[0.5646078 0.2394433]
[0.37795287 0.47760054]
[0.33172762 0.5822538 ]
[0.58274525 0.3813834 ]
[0.5675401  0.42452088]
[0.53056425 0.3755972 ]
[0.42255986 0.2829612 ]
[0.43224692 0.20647985]
[0.4935034  0.30669972]
[0.62161267 0.34917876]
[0.31870335 0.6450372 ]
[0.39649552 0.5599358 ]
[0.54560965 0.51791406]
[0.28958988 0.6236925 ]
[0.19228439 0.39783493]
[0.36020714 0.60078967]
[0.8407853  0.59336674]
[0.57295114 0.6258254 ]
[0.81831604 0.6543188 ]
[0.3503278 0.5804086]
[0.3302089  0.57356083]
[0.763105   0.44441757]
[0.28302997 0.60856104]
[0.5209979  0.55068934]
[0.7748992  0.25247404]
[0.27659935 0.6187513 ]
[0.32435924 0.5797788 ]
[0.40097457 0.28292352]
[0.4267398  0.47861424]
[0.28969014 0.6033348 ]
[0.35049307 0.5274527 ]
[0.32396883 0.6023952 ]
[0.40027654 0.6125902 ]
[0.37086874 0.46792367]
[0.34686208 0.45831922]
[0.2964242  0.80236363]
[0.82209355 0.19311258]
[0.3539018 0.6338849]
[0.3515889 0.6334604]
[0.09272598 0.21023303]
[0.09272598 0.21023303]
[0.534089   0.73119926]
[0.6112497 0.6286645]
[0.8025808  0.64713955]
[0.56262684 0.69705796]
[0.4875489 0.6506015]
[0.6361749  0.75260055]
[0.5176463 0.7016418]
[0.47746658 0.63534653]
[0.32487428 0.5359398 ]
[0.32487428 0.5359398 ]
[0.21491893 0.36327425]
[0.21491893 0.36327425]
[0.69085425 0.6128669 ]
[0.69085425 0.6128669 ]
[0.6103164  0.60753417]
[0.6103164  0.60753417]
[0.6155351  0.68617535]
[0.5693428 0.6684041]
[0.5838779  0.69218564]
[0.5838779  0.69218564]
[0.5315467  0.46171388]
[0.5315467  0.46171388]
[0.57066166 0.39195946]
[1.0462954  0.27938876]
[0.5712992 0.7464273]
[0.5712992 0.7464273]
[0.45465577 0.6485436 ]
[0.5498698  0.64464045]
[0.77760106 0.5561317 ]
[0.77760106 0.5561317 ]
[1.1531899  0.58470726]
[0.7188708  0.62364984]
[0.5968626 0.5770749]
[0.5968626 0.5770749]
[0.29812682 0.78040993]
[0.29812682 0.78040993]
[0.27659935 0.6187513 ]
[0.27659935 0.6187513 ]
[0.32275283 0.564121  ]
[0.34871167 0.6460898 ]
[0.7077507  0.51358354]
[0.72134984 0.45133045]
[0.38631642 0.21038741]
[0.35929984 0.13929361]
[0.6222732  0.41360924]
[0.6222732  0.41360924]
[0.6157351  0.23128214]
[0.6157351  0.23128214]
[0.24435444 0.6030438 ]
[0.24435444 0.6030438 ]
[0.3367536 0.4588401]
[0.60039526 0.40356365]
[0.423042   0.30131322]
[0.423042   0.30131322]