[0.6165192  0.35539383]
[0.44314262 0.54511446]
[0.44314262 0.54511446]
[0.44314262 0.54511446]
[0.5260235  0.64309645]
[0.5260235  0.64309645]
[0.5260235  0.64309645]
[0.5260235  0.64309645]
[0.5260235  0.64309645]
[0.4957149 0.5972223]
[0.5260235  0.64309645]
[0.4957149 0.5972223]
[0.5260235  0.64309645]
[0.4957149 0.5972223]
[0.5260235  0.64309645]
[0.4957149 0.5972223]
[0.311836 0.409074]
[0.44314262 0.54511446]
[0.311836 0.409074]
[0.44314262 0.54511446]
[0.311836 0.409074]
[0.44314262 0.54511446]
[0.311836 0.409074]
[0.44314262 0.54511446]
[0.311836 0.409074]
[0.44314262 0.54511446]
[0.311836 0.409074]
[0.44314262 0.54511446]
[0.311836 0.409074]
[0.44314262 0.54511446]
[0.311836 0.409074]
[0.44314262 0.54511446]
[0.311836 0.409074]
[0.44314262 0.54511446]
[0.311836 0.409074]
[0.44314262 0.54511446]
[0.44314262 0.54511446]
[0.44314262 0.54511446]
[0.311836 0.409074]
[0.44314262 0.54511446]
[0.311836 0.409074]
[0.44314262 0.54511446]
[0.358142   0.43067944]
[0.3021454 0.5160192]
[0.358142   0.43067944]
[0.3021454 0.5160192]
[0.311836 0.409074]
[0.44314262 0.54511446]
[0.311836 0.409074]
[0.8717402 0.5780617]
[0.311836 0.409074]
[0.44314262 0.54511446]
[0.311836 0.409074]
[0.44314262 0.54511446]
[0.311836 0.409074]
[0.44314262 0.54511446]
[0.311836 0.409074]
[0.44314262 0.54511446]
[0.311836 0.409074]
[0.44314262 0.54511446]
[0.311836 0.409074]
[0.44314262 0.54511446]
[0.358142   0.43067944]
[0.3021454 0.5160192]
[0.358142   0.43067944]
[0.3021454 0.5160192]
[0.311836 0.409074]
[0.44314262 0.54511446]
[0.311836 0.409074]
[0.44314262 0.54511446]
[0.44314262 0.54511446]
[0.358142   0.43067944]
[0.3021454 0.5160192]
[0.73587203 0.26340035]
[0.8717402 0.5780617]
[0.5260235  0.64309645]
[0.5260235  0.64309645]
[0.5260235  0.64309645]
[0.5260235  0.64309645]
[0.5260235  0.64309645]
[0.4957149 0.5972223]
[0.5260235  0.64309645]
[0.4957149 0.5972223]
[0.311836 0.409074]
[0.44314262 0.54511446]
[0.311836 0.409074]
[0.44314262 0.54511446]
[0.358142   0.43067944]
[0.3021454 0.5160192]
[0.358142   0.43067944]
[0.3021454 0.5160192]
[0.311836 0.409074]
[0.44314262 0.54511446]
[0.311836 0.409074]
[0.44314262 0.54511446]
[0.358142   0.43067944]
[0.3021454 0.5160192]
[0.358142   0.43067944]
[0.3021454 0.5160192]
[0.44314262 0.54511446]
[0.44314262 0.54511446]
[0.44314262 0.54511446]
[0.44314262 0.54511446]
[0.44314262 0.54511446]
[0.311836 0.409074]
[0.311836 0.409074]
[0.5260235  0.64309645]
[0.4957149 0.5972223]
[0.5260235  0.64309645]
[0.4957149 0.5972223]
[0.311836 0.409074]
[0.44314262 0.54511446]
[0.311836 0.409074]
[0.44314262 0.54511446]
[0.311836 0.409074]
[0.311836 0.409074]
[0.311836 0.409074]
[0.311836 0.409074]
[0.311836 0.409074]
[0.311836 0.409074]
[0.311836 0.409074]
[0.311836 0.409074]
[0.311836 0.409074]
[0.311836 0.409074]
[0.311836 0.409074]
[0.311836 0.409074]
[0.311836 0.409074]
[0.311836 0.409074]
[0.311836 0.409074]
[0.311836 0.409074]
[0.358142   0.43067944]
[0.358142   0.43067944]
[0.358142   0.43067944]
[0.358142   0.43067944]
[0.44314262 0.54511446]
[0.44314262 0.54511446]
[0.5169763 0.4831612]
[0.5169763 0.4831612]
[0.5169763 0.4831612]
[0.5169763 0.4831612]
[0.5169763 0.4831612]
[0.5169763 0.4831612]
[0.5169763 0.4831612]
[0.5169763 0.4831612]
[0.5169763 0.4831612]
[0.5169763 0.4831612]
[0.5169763 0.4831612]
[0.5169763 0.4831612]
[0.5169763 0.4831612]
[0.5169763 0.4831612]
[0.5169763 0.4831612]
[0.5169763 0.4831612]
[0.5169763 0.4831612]
[0.5169763 0.4831612]
[0.5169763 0.4831612]
[0.5169763 0.4831612]
[0.5169763 0.4831612]
[0.5169763 0.4831612]
[0.5169763 0.4831612]
[0.5169763 0.4831612]
[0.5169763 0.4831612]
[0.5169763 0.4831612]
[0.5169763 0.4831612]
[0.5169763 0.4831612]
[0.5169763 0.4831612]
[0.5169763 0.4831612]
[0.5169763 0.4831612]
[0.5169763 0.4831612]
[0.5169763 0.4831612]
[0.5169763 0.4831612]
[0.5169763 0.4831612]
[0.5169763 0.4831612]
[0.5169763 0.4831612]
[0.5169763 0.4831612]
[0.5169763 0.4831612]
[0.5169763 0.4831612]
[0.311836 0.409074]
[0.36347282 0.2411845 ]
[0.311836 0.409074]
[0.36347282 0.2411845 ]
[0.311836 0.409074]
[0.36347282 0.2411845 ]
[0.311836 0.409074]
[0.36347282 0.2411845 ]
[0.311836 0.409074]
[0.36347282 0.2411845 ]
[0.311836 0.409074]
[0.36347282 0.2411845 ]
[0.311836 0.409074]
[0.36347282 0.2411845 ]
[0.311836 0.409074]
[0.36347282 0.2411845 ]
[0.311836 0.409074]
[0.36347282 0.2411845 ]
[0.311836 0.409074]
[0.36347282 0.2411845 ]
[0.311836 0.409074]
[0.36347282 0.2411845 ]
[0.311836 0.409074]
[0.36347282 0.2411845 ]
[0.311836 0.409074]
[0.36347282 0.2411845 ]
[0.311836 0.409074]
[0.36347282 0.2411845 ]
[0.311836 0.409074]
[0.36347282 0.2411845 ]
[0.311836 0.409074]
[0.36347282 0.2411845 ]
[0.311836 0.409074]
[0.36347282 0.2411845 ]
[0.311836 0.409074]
[0.36347282 0.2411845 ]
[0.311836 0.409074]
[0.36347282 0.2411845 ]
[0.311836 0.409074]
[0.36347282 0.2411845 ]
[0.5169763 0.4831612]
[0.5169763 0.4831612]
[0.5169763 0.4831612]
[0.5169763 0.4831612]
[0.5169763 0.4831612]
[0.5169763 0.4831612]
[0.5169763 0.4831612]
[0.5169763 0.4831612]
[0.5169763 0.4831612]
[0.5169763 0.4831612]
[0.5169763 0.4831612]
[0.5169763 0.4831612]
[0.5169763 0.4831612]
[0.5169763 0.4831612]
[0.5169763 0.4831612]
[0.5169763 0.4831612]
[0.5169763 0.4831612]
[0.5169763 0.4831612]
[0.5169763 0.4831612]
[0.5169763 0.4831612]
[0.5169763 0.4831612]
[0.5169763 0.4831612]
[0.5169763 0.4831612]
[0.5169763 0.4831612]
[0.5169763 0.4831612]
[0.5169763 0.4831612]
[0.5169763 0.4831612]
[0.5169763 0.4831612]
[0.5169763 0.4831612]
[0.5169763 0.4831612]
[0.5169763 0.4831612]
[0.5169763 0.4831612]
[0.5169763 0.4831612]
[0.5169763 0.4831612]
[0.5169763 0.4831612]
[0.5169763 0.4831612]
[0.5169763 0.4831612]
[0.5169763 0.4831612]
[0.5169763 0.4831612]
[0.5169763 0.4831612]
[0.311836 0.409074]
[0.36347282 0.2411845 ]
[0.311836 0.409074]
[0.36347282 0.2411845 ]
[0.311836 0.409074]
[0.36347282 0.2411845 ]
[0.311836 0.409074]
[0.36347282 0.2411845 ]
[0.311836 0.409074]
[0.36347282 0.2411845 ]
[0.311836 0.409074]
[0.36347282 0.2411845 ]
[0.311836 0.409074]
[0.36347282 0.2411845 ]
[0.311836 0.409074]
[0.36347282 0.2411845 ]
[0.311836 0.409074]
[0.36347282 0.2411845 ]
[0.311836 0.409074]
[0.36347282 0.2411845 ]
[0.311836 0.409074]
[0.36347282 0.2411845 ]
[0.311836 0.409074]
[0.36347282 0.2411845 ]
[0.5169763 0.4831612]
[0.5169763 0.4831612]
[0.5169763 0.4831612]
[0.5169763 0.4831612]
[0.5169763 0.4831612]
[0.5169763 0.4831612]
[0.5169763 0.4831612]
[0.5169763 0.4831612]
[0.5169763 0.4831612]
[0.5169763 0.4831612]
[0.5169763 0.4831612]
[0.5169763 0.4831612]
[0.5169763 0.4831612]
[0.5169763 0.4831612]
[0.5169763 0.4831612]
[0.5169763 0.4831612]
[0.5169763 0.4831612]
[0.5169763 0.4831612]
[0.5169763 0.4831612]
[0.5169763 0.4831612]
[0.5169763 0.4831612]
[0.5169763 0.4831612]
[0.5169763 0.4831612]
[0.5169763 0.4831612]
[0.5169763 0.4831612]
[0.5169763 0.4831612]
[0.5169763 0.4831612]
[0.5169763 0.4831612]
[0.5169763 0.4831612]
[0.5169763 0.4831612]
[0.5169763 0.4831612]
[0.5169763 0.4831612]
[0.311836 0.409074]
[0.36347282 0.2411845 ]
[0.311836 0.409074]
[0.36347282 0.2411845 ]
[0.311836 0.409074]
[0.36347282 0.2411845 ]
[0.311836 0.409074]
[0.36347282 0.2411845 ]
[0.311836 0.409074]
[0.36347282 0.2411845 ]
[0.311836 0.409074]
[0.36347282 0.2411845 ]
[0.311836 0.409074]
[0.36347282 0.2411845 ]
[0.311836 0.409074]
[0.36347282 0.2411845 ]
[0.311836 0.409074]
[0.36347282 0.2411845 ]
[0.311836 0.409074]
[0.36347282 0.2411845 ]
[0.311836 0.409074]
[0.36347282 0.2411845 ]
[0.311836 0.409074]
[0.36347282 0.2411845 ]
[0.311836 0.409074]
[0.36347282 0.2411845 ]
[0.311836 0.409074]
[0.36347282 0.2411845 ]
[0.311836 0.409074]
[0.36347282 0.2411845 ]
[0.311836 0.409074]
[0.36347282 0.2411845 ]
[0.311836 0.409074]
[0.36347282 0.2411845 ]
[0.311836 0.409074]
[0.36347282 0.2411845 ]
[0.311836 0.409074]
[0.36347282 0.2411845 ]
[0.311836 0.409074]
[0.36347282 0.2411845 ]
[0.311836 0.409074]
[0.36347282 0.2411845 ]
[0.311836 0.409074]
[0.36347282 0.2411845 ]
[0.311836 0.409074]
[0.36347282 0.2411845 ]
[0.311836 0.409074]
[0.36347282 0.2411845 ]
[0.311836 0.409074]
[0.36347282 0.2411845 ]
[0.311836 0.409074]
[0.36347282 0.2411845 ]
[0.311836 0.409074]
[0.36347282 0.2411845 ]
[0.311836 0.409074]
[0.36347282 0.2411845 ]
[0.6467967 0.4982022]
[0.53593516 0.32926363]
[0.6467967 0.4982022]
[0.53593516 0.32926363]
[0.6467967 0.4982022]
[0.53593516 0.32926363]
[0.6467967 0.4982022]
[0.53593516 0.32926363]
[0.7663704 0.278933 ]
[0.7571546  0.27776843]
[0.7663704 0.278933 ]
[0.7571546  0.27776843]
[0.7663704 0.278933 ]
[0.7571546  0.27776843]
[0.7663704 0.278933 ]
[0.7030442  0.52405363]
[0.82641816 0.13453428]
[0.7030442  0.52405363]
[0.97019863 0.21950854]
[0.36347282 0.2411845 ]
[0.41398504 0.28844452]
[0.36347282 0.2411845 ]
[0.41398504 0.28844452]
[0.44314262 0.54511446]
[0.5663871  0.38487607]
[0.48938245 0.33141333]
[0.62979126 0.35210007]
[0.38307667 0.30073217]
[0.36466604 0.34283745]
[0.38307667 0.30073217]
[0.36466604 0.34283745]
[0.38307667 0.30073217]
[0.36466604 0.34283745]
[0.38307667 0.30073217]
[0.14178461 0.7331873 ]
[0.48938245 0.33141333]
[0.4037034  0.30133522]
[0.48938245 0.33141333]
[0.4037034  0.30133522]
[0.48938245 0.33141333]
[0.4037034  0.30133522]
[0.48938245 0.33141333]
[0.4037034  0.30133522]
[0.4037034  0.30133522]
[0.36466604 0.34283745]
[0.4037034  0.30133522]
[0.36466604 0.34283745]
[0.4037034  0.30133522]
[0.36466604 0.34283745]
[0.4037034  0.30133522]
[0.77056986 0.40344208]
[0.47501105 0.429209  ]
[0.49400106 0.47255617]
[0.47501105 0.429209  ]
[0.49400106 0.47255617]
[0.5169763 0.4831612]
[0.5169763 0.4831612]
[0.39238366 0.44432378]
[0.36466604 0.34283745]
[0.39238366 0.44432378]
[0.36466604 0.34283745]
[0.39238366 0.44432378]
[0.36466604 0.34283745]
[0.39238366 0.44432378]
[0.48938245 0.33141333]
[0.47501105 0.429209  ]
[0.49400106 0.47255617]
[0.47501105 0.429209  ]
[0.49400106 0.47255617]
[0.47501105 0.429209  ]
[0.49400106 0.47255617]
[0.47501105 0.429209  ]
[0.87915397 0.47095674]
[0.41398504 0.28844452]
[0.51530993 0.28546217]
[0.41398504 0.28844452]
[0.51530993 0.28546217]
[0.41398504 0.28844452]
[0.51530993 0.28546217]
[0.37328956 0.08373338]
[0.7547045  0.84550995]
[0.48562047 0.1918852 ]
[0.36347282 0.2411845 ]
[0.48562047 0.1918852 ]
[0.751593   0.21921232]
[0.39386678 0.22912428]
[0.53735507 0.47784644]
[0.39386678 0.22912428]
[0.8305657 0.7158238]
[0.39238366 0.44432378]
[0.36466604 0.34283745]
[0.39238366 0.44432378]
[0.36466604 0.34283745]
[0.39238366 0.44432378]
[0.36466604 0.34283745]
[0.39238366 0.44432378]
[0.48938245 0.33141333]
[0.44314262 0.54511446]
[0.48938245 0.33141333]
[0.44314262 0.54511446]
[0.48938245 0.33141333]
[0.44314262 0.54511446]
[0.48938245 0.33141333]
[0.44314262 0.54511446]
[0.7996757  0.23120314]
[0.4037034  0.30133522]
[0.36466604 0.34283745]
[0.4037034  0.30133522]
[0.36466604 0.34283745]
[0.4037034  0.30133522]
[0.36466604 0.34283745]
[0.41299444 0.3419173 ]
[0.46282402 0.27929223]
[0.311836 0.409074]
[0.41398504 0.28844452]
[0.311836 0.409074]
[0.41398504 0.28844452]
[0.3660193 0.4224481]
[0.42902163 0.45824122]
[0.3660193 0.4224481]
[0.42902163 0.45824122]
[0.311836 0.409074]
[0.41398504 0.28844452]
[0.311836 0.409074]
[0.41398504 0.28844452]
[0.44314262 0.54511446]
[0.53593516 0.32926363]
[0.44314262 0.54511446]
[0.751593   0.21921232]
[0.47501105 0.429209  ]
[0.55356014 0.4980976 ]
[0.47501105 0.429209  ]
[0.55356014 0.4980976 ]
[0.5169763 0.4831612]
[0.5169763 0.4831612]
[0.7996757  0.23120314]
[0.41398504 0.28844452]
[0.51530993 0.28546217]
[0.41398504 0.28844452]
[0.3493757 0.3940157]
[0.35481688 0.40476322]
[0.3493757 0.3940157]
[0.35481688 0.40476322]
[0.4037034  0.30133522]
[0.44314262 0.54511446]
[0.4037034  0.30133522]
[0.8775413  0.74970895]
[0.53593516 0.32926363]
[0.55356014 0.4980976 ]
[0.53593516 0.32926363]
[0.55356014 0.4980976 ]
[0.53593516 0.32926363]
[0.55356014 0.4980976 ]
[0.53593516 0.32926363]
[0.9066427 0.6811836]
[0.5169763 0.4831612]
[0.5169763 0.4831612]
[0.5169763 0.4831612]
[0.5169763 0.4831612]
[0.46845418 0.909848  ]
[0.48871064 0.84122056]
[0.46845418 0.909848  ]
[0.8866744 0.6696319]
[0.4531508  0.42000237]
[0.4531508  0.42000237]
[0.4531508  0.42000237]
[0.4531508  0.42000237]
[0.311836 0.409074]
[0.53593516 0.32926363]
[0.311836 0.409074]
[0.53593516 0.32926363]
[0.311836 0.409074]
[0.53593516 0.32926363]
[0.311836 0.409074]
[0.53593516 0.32926363]
[0.311836 0.409074]
[0.53593516 0.32926363]
[0.311836 0.409074]
[0.53593516 0.32926363]
[0.33899665 0.33474743]
[0.44325283 0.29334754]
[0.33899665 0.33474743]
[0.44325283 0.29334754]
[0.6467967 0.4982022]
[0.6467967 0.4982022]
[0.6467967 0.4982022]
[0.6467967 0.4982022]
[0.33463007 0.21429421]
[0.34362328 0.2818299 ]
[0.33463007 0.21429421]
[0.34362328 0.2818299 ]
[0.311836 0.409074]
[0.358142   0.43067944]
[0.311836 0.409074]
[0.358142   0.43067944]
[0.32643113 0.38891798]
[0.358142   0.43067944]
[0.32643113 0.38891798]
[0.358142   0.43067944]
[0.32643113 0.38891798]
[0.358142   0.43067944]
[0.311836 0.409074]
[0.358142   0.43067944]
[0.33899665 0.33474743]
[0.39309007 0.29895127]
[0.33899665 0.33474743]
[0.39309007 0.29895127]
[0.311836 0.409074]
[0.3021454 0.5160192]
[0.311836 0.409074]
[0.3021454 0.5160192]
[0.32643113 0.38891798]
[0.358142   0.43067944]
[0.32643113 0.38891798]
[0.358142   0.43067944]
[0.32781953 0.26721746]
[0.3873403  0.21141377]
[0.32781953 0.26721746]
[0.3873403  0.21141377]
[0.32833293 0.29287058]
[0.3922237  0.46912855]
[0.32833293 0.29287058]
[0.3922237  0.46912855]
[0.32833293 0.29287058]
[0.3922237  0.46912855]
[0.32833293 0.29287058]
[0.3922237  0.46912855]
[0.7412977 0.1730682]
[0.7412977 0.1730682]
[0.7412977 0.1730682]
[0.6511136  0.01325403]
[0.2991573 0.3846822]
[0.37619594 0.2404555 ]
[0.2991573 0.3846822]
[0.37619594 0.2404555 ]
[0.40990588 0.5818448 ]
[0.40990588 0.5818448 ]
[0.40990588 0.5818448 ]
[0.40990588 0.5818448 ]
[0.36433804 0.5161334 ]
[0.41759676 0.48947865]
[0.36433804 0.5161334 ]
[0.41759676 0.48947865]
[0.37305775 0.47384578]
[0.46227905 0.45846695]
[0.37305775 0.47384578]
[0.45988905 0.40982628]
[0.37305775 0.47384578]
[0.45988905 0.40982628]
[0.37305775 0.47384578]
[0.45988905 0.40982628]
[0.37305775 0.47384578]
[0.45988905 0.40982628]
[0.37305775 0.47384578]
[0.45988905 0.40982628]
[0.6445163  0.07767878]
[0.6445163  0.07767878]
[0.6445163  0.07767878]
[0.6445163  0.07767878]
[0.6445163  0.07767878]
[0.6445163  0.07767878]
[0.5536074  0.03774855]
[0.6511136  0.01325403]
[0.3430143 0.7197924]
[0.5166395  0.35481548]
[0.3430143 0.7197924]
[0.46187583 0.78965026]
[0.4274172  0.69026077]
[0.4274172  0.69026077]
[0.4274172  0.69026077]
[0.4274172  0.69026077]
[0.4274172  0.69026077]
[0.4274172  0.69026077]
[0.4274172  0.69026077]
[0.4274172  0.69026077]
[0.4274172  0.69026077]
[0.4274172  0.69026077]
[0.4274172  0.69026077]
[0.4274172  0.69026077]
[0.3922237  0.46912855]
[0.6467967 0.4982022]
[0.3922237  0.46912855]
[0.6467967 0.4982022]
[0.3922237  0.46912855]
[0.6467967 0.4982022]
[0.3922237  0.46912855]
[0.6467967 0.4982022]
[0.3922237  0.46912855]
[0.6467967 0.4982022]
[0.3922237  0.46912855]
[0.3922237  0.46912855]
[0.4274172  0.69026077]
[0.4274172  0.69026077]
[0.4274172  0.69026077]
[0.4274172  0.69026077]
[0.4274172  0.69026077]
[0.4274172  0.69026077]
[0.4274172  0.69026077]
[0.4274172  0.69026077]
[0.3922237  0.46912855]
[0.6467967 0.4982022]
[0.3922237  0.46912855]
[0.6467967 0.4982022]
[0.4531508  0.42000237]
[0.311836 0.409074]
[0.4531508  0.42000237]
[0.311836 0.409074]
[0.4531508  0.42000237]
[0.311836 0.409074]
[0.4531508  0.42000237]
[0.311836 0.409074]
[0.48981363 0.28639877]
[0.40909386 0.30539775]
[0.4531508  0.42000237]
[0.40909386 0.30539775]
[0.4531508  0.42000237]
[0.40909386 0.30539775]
[0.4531508  0.42000237]
[0.40909386 0.30539775]
[0.4531508  0.42000237]
[0.40909386 0.30539775]
[0.4531508  0.42000237]
[0.40909386 0.30539775]
[0.4531508  0.42000237]
[0.40909386 0.30539775]
[0.3159721  0.32282764]
[0.34664556 0.31520572]
[0.3159721  0.32282764]
[0.3873403  0.21141377]
[0.3159721  0.32282764]
[0.3873403  0.21141377]
[0.3159721  0.32282764]
[0.3873403  0.21141377]
[0.3159721  0.32282764]
[0.3873403  0.21141377]
[0.23737484 0.314228  ]
[0.42373475 0.17300837]
[0.23737484 0.314228  ]
[0.42373475 0.17300837]
[0.3159721  0.32282764]
[0.3873403  0.21141377]
[0.3159721  0.32282764]
[0.3873403  0.21141377]
[0.3159721  0.32282764]
[0.3873403  0.21141377]
[0.3159721  0.32282764]
[0.3873403  0.21141377]
[0.8585819  0.59268034]
[0.8585819  0.59268034]
[0.8585819  0.59268034]
[0.8585819  0.59268034]
[0.61657   0.5593372]
[0.67366767 0.49078792]
[0.67366767 0.49078792]
[0.67366767 0.49078792]
[0.67366767 0.49078792]
[0.67366767 0.49078792]
[0.67366767 0.49078792]
[0.67366767 0.49078792]
[0.67366767 0.49078792]
[0.67366767 0.49078792]
[0.67366767 0.49078792]
[0.67366767 0.49078792]
[0.67366767 0.49078792]
[0.67366767 0.49078792]
[0.791836  0.7146188]
[0.7605864  0.69692045]
[0.7605864  0.69692045]
[0.7605864  0.69692045]
[0.67366767 0.49078792]
[0.67366767 0.49078792]
[0.67366767 0.49078792]
[0.67366767 0.49078792]
[0.67366767 0.49078792]
[0.67366767 0.49078792]
[0.67366767 0.49078792]
[0.67366767 0.49078792]
[0.67366767 0.49078792]
[0.7363523  0.43207586]
[0.72541213 0.7350531 ]
[0.5407436  0.37845904]
[0.38081712 0.5647268 ]
[0.5407436  0.37845904]
[0.38081712 0.5647268 ]
[0.5407436  0.37845904]
[0.38081712 0.5647268 ]
[0.5407436  0.37845904]
[0.38081712 0.5647268 ]
[0.5407436  0.37845904]
[0.38081712 0.5647268 ]
[0.5407436  0.37845904]
[0.38081712 0.5647268 ]
[0.5407436  0.37845904]
[0.38081712 0.5647268 ]
[0.5407436  0.37845904]
[0.4746632 0.5558833]
[0.6450187 0.3612003]
[0.67366767 0.49078792]
[0.6450187 0.3612003]
[0.67366767 0.49078792]
[0.6450187 0.3612003]
[0.67366767 0.49078792]
[0.6450187 0.3612003]
[0.67366767 0.49078792]
[0.6450187 0.3612003]
[0.67366767 0.49078792]
[0.6450187 0.3612003]
[0.67366767 0.49078792]
[0.6450187 0.3612003]
[0.67366767 0.49078792]
[0.6450187 0.3612003]
[0.66360086 0.7176217 ]
[0.5407436  0.37845904]
[0.38081712 0.5647268 ]
[0.5407436  0.37845904]
[0.38081712 0.5647268 ]
[0.5407436  0.37845904]
[0.38081712 0.5647268 ]
[0.5407436  0.37845904]
[0.38081712 0.5647268 ]
[0.5407436  0.37845904]
[0.38081712 0.5647268 ]
[0.5407436  0.37845904]
[0.38081712 0.5647268 ]
[0.5407436  0.37845904]
[0.38081712 0.5647268 ]
[0.5407436  0.37845904]
[0.47414488 0.29577738]
[0.59066194 0.2510414 ]
[0.59066194 0.2510414 ]
[0.59066194 0.2510414 ]
[0.59066194 0.2510414 ]
[0.59066194 0.2510414 ]
[0.59066194 0.2510414 ]
[0.59066194 0.2510414 ]
[0.6296258 0.4468072]
[0.80798364 0.6371719 ]
[0.54640067 0.78642255]
[0.54640067 0.78642255]
[0.54640067 0.78642255]
[0.54640067 0.78642255]
[0.45988905 0.40982628]
[0.45988905 0.40982628]
[0.45988905 0.40982628]
[0.38081712 0.5647268 ]
[0.4501546 0.572679 ]
[0.4501546 0.572679 ]
[0.4501546 0.572679 ]
[0.4501546 0.572679 ]
[0.4501546 0.572679 ]
[0.4501546 0.572679 ]
[0.4501546 0.572679 ]
[0.4501546 0.572679 ]
[0.4501546 0.572679 ]
[0.4501546 0.572679 ]
[0.4501546 0.572679 ]
[0.4501546 0.572679 ]
[0.4501546 0.572679 ]
[0.4501546 0.572679 ]
[0.70028365 0.46038324]
[0.7543684  0.58862156]
[0.45988905 0.40982628]
[0.45988905 0.40982628]
[0.45988905 0.40982628]
[0.45988905 0.40982628]
[0.45988905 0.40982628]
[0.45988905 0.40982628]
[0.45988905 0.40982628]
[0.38081712 0.5647268 ]
[0.4501546 0.572679 ]
[0.4501546 0.572679 ]
[0.4501546 0.572679 ]
[0.4501546 0.572679 ]
[0.4501546 0.572679 ]
[0.4501546 0.572679 ]
[0.4501546 0.572679 ]
[0.4501546 0.572679 ]
[0.4501546 0.572679 ]
[0.4501546 0.572679 ]
[0.4501546 0.572679 ]
[0.4501546 0.572679 ]
[0.5407436  0.37845904]
[0.38081712 0.5647268 ]
[0.5407436  0.37845904]
[0.38081712 0.5647268 ]
[0.5407436  0.37845904]
[0.38081712 0.5647268 ]
[0.5407436  0.37845904]
[0.47414488 0.29577738]
[0.59066194 0.2510414 ]
[0.59066194 0.2510414 ]
[0.59066194 0.2510414 ]
[0.59066194 0.2510414 ]
[0.59066194 0.2510414 ]
[0.59066194 0.2510414 ]
[0.59066194 0.2510414 ]
[0.86644566 0.55868906]
[0.59066194 0.2510414 ]
[0.59066194 0.2510414 ]
[0.59066194 0.2510414 ]
[0.59066194 0.2510414 ]
[0.59066194 0.2510414 ]
[0.86644566 0.55868906]
[0.54640067 0.78642255]
[0.45988905 0.40982628]
[0.45988905 0.40982628]
[0.45988905 0.40982628]
[0.45988905 0.40982628]
[0.45988905 0.40982628]
[0.45988905 0.40982628]
[0.45988905 0.40982628]
[0.45988905 0.40982628]
[0.45988905 0.40982628]
[0.45988905 0.40982628]
[0.45988905 0.40982628]
[0.45988905 0.40982628]
[0.45988905 0.40982628]
[0.7501285 0.7043021]
[0.311836 0.409074]
[0.311836 0.409074]
[0.311836 0.409074]
[0.311836 0.409074]
[0.311836 0.409074]
[0.311836 0.409074]
[0.311836 0.409074]
[0.311836 0.409074]
[0.24526596 0.32790697]
[0.2372064  0.37191528]
[0.24526596 0.32790697]
[0.2372064  0.37191528]
[0.24526596 0.32790697]
[0.2372064  0.37191528]
[0.24526596 0.32790697]
[0.2372064  0.37191528]
[0.5169763 0.4831612]
[0.41951606 0.5537588 ]
[0.5169763 0.4831612]
[0.41951606 0.5537588 ]
[0.5169763 0.4831612]
[0.41951606 0.5537588 ]
[0.5169763 0.4831612]
[0.41951606 0.5537588 ]
[0.27492964 0.5178729 ]
[0.5169763 0.4831612]
[0.27492964 0.5178729 ]
[0.5169763 0.4831612]
[0.27492964 0.5178729 ]
[0.5169763 0.4831612]
[0.27492964 0.5178729 ]
[0.5169763 0.4831612]
[0.311836 0.409074]
[0.311836 0.409074]
[0.311836 0.409074]
[0.311836 0.409074]
[0.311836 0.409074]
[0.311836 0.409074]
[0.311836 0.409074]
[0.311836 0.409074]
[0.4531508  0.42000237]
[0.311836 0.409074]
[0.4531508  0.42000237]
[0.311836 0.409074]
[0.4531508  0.42000237]
[0.311836 0.409074]
[0.4531508  0.42000237]
[0.311836 0.409074]
[0.311836 0.409074]
[0.311836 0.409074]
[0.311836 0.409074]
[0.311836 0.409074]
[0.51530993 0.28546217]
[0.51530993 0.28546217]
[0.51530993 0.28546217]
[0.51530993 0.28546217]
[0.5244835  0.19817099]
[0.27492964 0.5178729 ]
[0.58828676 0.08544321]
[0.27492964 0.5178729 ]
[0.58828676 0.08544321]
[0.27492964 0.5178729 ]
[0.58828676 0.08544321]
[0.27492964 0.5178729 ]
[0.73587203 0.26340035]
[0.73587203 0.26340035]
[0.73587203 0.26340035]
[0.73587203 0.26340035]
[0.311836 0.409074]
[0.311836 0.409074]
[0.311836 0.409074]
[0.311836 0.409074]
[0.311836 0.409074]
[0.311836 0.409074]
[0.311836 0.409074]
[0.311836 0.409074]
[0.311836 0.409074]
[0.311836 0.409074]
[0.311836 0.409074]
[0.311836 0.409074]
[0.44314262 0.54511446]
[0.311836 0.409074]
[0.44314262 0.54511446]
[0.311836 0.409074]
[0.5169763 0.4831612]
[0.44314262 0.54511446]
[0.5169763 0.4831612]
[0.44314262 0.54511446]
[0.5169763 0.4831612]
[0.44314262 0.54511446]
[0.5169763 0.4831612]
[0.44314262 0.54511446]
[0.311836 0.409074]
[0.311836 0.409074]
[0.311836 0.409074]
[0.311836 0.409074]
[0.311836 0.409074]
[0.311836 0.409074]
[0.311836 0.409074]
[0.311836 0.409074]
[0.311836 0.409074]
[0.311836 0.409074]
[0.311836 0.409074]
[0.311836 0.409074]
[0.311836 0.409074]
[0.311836 0.409074]
[0.311836 0.409074]
[0.311836 0.409074]
[0.311836 0.409074]
[0.311836 0.409074]
[0.311836 0.409074]
[0.311836 0.409074]
[0.311836 0.409074]
[0.311836 0.409074]
[0.311836 0.409074]
[0.311836 0.409074]
[0.5169763 0.4831612]
[0.44314262 0.54511446]
[0.5169763 0.4831612]
[0.44314262 0.54511446]
[0.5169763 0.4831612]
[0.44314262 0.54511446]
[0.5169763 0.4831612]
[0.44314262 0.54511446]
[0.59051216 0.26407343]
[0.311836 0.409074]
[0.311836 0.409074]
[0.36347282 0.2411845 ]
[0.311836 0.409074]
[0.311836 0.409074]
[0.36347282 0.2411845 ]
[0.5169763 0.4831612]
[ 0.60986936 -0.00282361]
[ 0.60986936 -0.00282361]
[ 0.60986936 -0.00282361]
[0.36556977 0.275344  ]
[0.054432  0.3223132]
[0.054432  0.3223132]
[0.054432  0.3223132]
[0.22225656 0.11520112]
[0.25519627 0.49237192]
[0.2394754  0.20259549]
[0.25519627 0.49237192]
[0.2394754  0.20259549]
[0.25519627 0.49237192]
[0.2394754  0.20259549]
[0.25519627 0.49237192]
[0.44314262 0.54511446]
[0.6467967 0.4982022]
[0.3156428 0.4549489]
[0.6467967 0.4982022]
[0.3156428 0.4549489]
[0.6467967 0.4982022]
[0.3156428 0.4549489]
[0.27492964 0.5178729 ]
[0.27492964 0.5178729 ]
[0.27492964 0.5178729 ]
[0.27492964 0.5178729 ]
[0.27492964 0.5178729 ]
[0.27492964 0.5178729 ]
[0.27492964 0.5178729 ]
[0.16739026 0.4922111 ]
[0.27492964 0.5178729 ]
[0.27492964 0.5178729 ]
[0.27492964 0.5178729 ]
[0.27492964 0.5178729 ]
[0.27492964 0.5178729 ]
[0.27492964 0.5178729 ]
[0.27492964 0.5178729 ]
[0.20123887 0.44669837]
[0.27492964 0.5178729 ]
[0.27492964 0.5178729 ]
[0.27492964 0.5178729 ]
[0.27492964 0.5178729 ]
[0.27492964 0.5178729 ]
[0.27492964 0.5178729 ]
[0.20123887 0.44669837]
[0.20123887 0.44669837]
[0.27492964 0.5178729 ]
[0.27492964 0.5178729 ]
[0.27492964 0.5178729 ]
[0.27492964 0.5178729 ]
[0.27492964 0.5178729 ]
[0.27492964 0.5178729 ]
[0.27492964 0.5178729 ]
[0.20123887 0.44669837]
[0.27492964 0.5178729 ]
[0.27492964 0.5178729 ]
[0.27492964 0.5178729 ]
[0.27492964 0.5178729 ]
[0.27492964 0.5178729 ]
[0.27492964 0.5178729 ]
[0.27492964 0.5178729 ]
[0.20123887 0.44669837]
[0.27492964 0.5178729 ]
[0.27492964 0.5178729 ]
[0.27492964 0.5178729 ]
[0.27492964 0.5178729 ]
[0.27492964 0.5178729 ]
[0.27492964 0.5178729 ]
[0.27492964 0.5178729 ]
[0.20123887 0.44669837]
[0.27492964 0.5178729 ]
[0.27492964 0.5178729 ]
[0.27492964 0.5178729 ]
[0.27492964 0.5178729 ]
[0.27492964 0.5178729 ]
[0.27492964 0.5178729 ]
[0.29848102 0.49624026]
[0.20123887 0.44669837]
[0.27492964 0.5178729 ]
[0.27492964 0.5178729 ]
[0.27492964 0.5178729 ]
[0.27492964 0.5178729 ]
[0.27492964 0.5178729 ]
[0.27492964 0.5178729 ]
[0.27492964 0.5178729 ]
[0.20123887 0.44669837]
[0.27492964 0.5178729 ]
[0.27492964 0.5178729 ]
[0.27492964 0.5178729 ]
[0.27492964 0.5178729 ]
[0.27492964 0.5178729 ]
[0.27492964 0.5178729 ]
[0.27492964 0.5178729 ]
[0.20123887 0.44669837]
[0.5169763 0.4831612]
[0.5169763 0.4831612]
[0.5169763 0.4831612]
[0.5169763 0.4831612]
[0.5169763 0.4831612]
[0.5169763 0.4831612]
[0.5169763 0.4831612]
[0.20123887 0.44669837]
[0.27492964 0.5178729 ]
[0.27492964 0.5178729 ]
[0.27492964 0.5178729 ]
[0.27492964 0.5178729 ]
[0.27492964 0.5178729 ]
[0.27492964 0.5178729 ]
[0.27492964 0.5178729 ]
[0.20123887 0.44669837]
[0.10604514 0.39647537]
[0.10604514 0.39647537]
[0.10604514 0.39647537]
[0.10604514 0.39647537]
[0.10604514 0.39647537]
[0.10604514 0.39647537]
[0.10604514 0.39647537]
[0.10604514 0.39647537]
[0.27492964 0.5178729 ]
[0.27492964 0.5178729 ]
[0.27492964 0.5178729 ]
[0.27492964 0.5178729 ]
[0.27492964 0.5178729 ]
[0.27492964 0.5178729 ]
[0.27492964 0.5178729 ]
[0.27492964 0.5178729 ]
[0.27492964 0.5178729 ]
[0.27492964 0.5178729 ]
[0.27492964 0.5178729 ]
[0.16739026 0.4922111 ]
[0.27492964 0.5178729 ]
[0.27492964 0.5178729 ]
[0.27492964 0.5178729 ]
[0.27492964 0.5178729 ]
[0.27492964 0.5178729 ]
[0.27492964 0.5178729 ]
[0.27492964 0.5178729 ]
[0.20123887 0.44669837]
[0.27492964 0.5178729 ]
[0.27492964 0.5178729 ]
[0.27492964 0.5178729 ]
[0.27492964 0.5178729 ]
[0.27492964 0.5178729 ]
[0.27492964 0.5178729 ]
[0.27492964 0.5178729 ]
[0.27492964 0.5178729 ]
[0.27492964 0.5178729 ]
[0.13546063 0.7484496 ]
[0.13546063 0.7484496 ]
[0.07364945 0.6367216 ]
[0.27492964 0.5178729 ]
[0.27492964 0.5178729 ]
[0.27492964 0.5178729 ]
[0.16739026 0.4922111 ]
[0.16739026 0.4922111 ]
[0.16739026 0.4922111 ]
[0.27492964 0.5178729 ]
[0.20123887 0.44669837]
[0.27492964 0.5178729 ]
[0.27492964 0.5178729 ]
[0.13546063 0.7484496 ]
[0.07364945 0.6367216 ]
[0.13546063 0.7484496 ]
[0.13546063 0.7484496 ]
[0.13546063 0.7484496 ]
[0.12624665 0.55101275]
[0.27492964 0.5178729 ]
[0.27492964 0.5178729 ]
[0.20123887 0.44669837]
[0.20123887 0.44669837]
[0.27492964 0.5178729 ]
[0.27492964 0.5178729 ]
[0.27492964 0.5178729 ]
[0.16739026 0.4922111 ]
[0.27492964 0.5178729 ]
[0.27492964 0.5178729 ]
[0.27492964 0.5178729 ]
[0.16739026 0.4922111 ]
[0.55356014 0.4980976 ]
[0.55356014 0.4980976 ]
[0.55356014 0.4980976 ]
[0.55356014 0.4980976 ]
[0.55356014 0.4980976 ]
[0.55356014 0.4980976 ]
[0.55356014 0.4980976 ]
[0.55356014 0.4980976 ]
[0.55356014 0.4980976 ]
[0.55356014 0.4980976 ]
[0.55356014 0.4980976 ]
[0.55356014 0.4980976 ]
[0.55356014 0.4980976 ]
[0.55356014 0.4980976 ]
[0.55356014 0.4980976 ]
[0.55356014 0.4980976 ]
[0.5169763 0.4831612]
[0.5169763 0.4831612]
[0.5169763 0.4831612]
[0.5169763 0.4831612]
[0.5914902  0.80890405]
[0.5914902  0.80890405]
[0.5914902  0.80890405]
[0.5914902  0.80890405]
[0.5169763 0.4831612]
[0.54970515 0.46729743]
[0.5169763 0.4831612]
[0.54970515 0.46729743]
[0.5169763 0.4831612]
[0.54970515 0.46729743]
[0.5503643 0.5245381]
[0.27492964 0.5178729 ]
[0.5169763 0.4831612]
[0.5491513  0.48146397]
[0.5169763 0.4831612]
[0.56290114 0.41741413]
[0.5169763 0.4831612]
[0.5491513  0.48146397]
[0.5169763 0.4831612]
[0.56290114 0.41741413]
[0.5169763 0.4831612]
[0.54970515 0.46729743]
[0.5169763 0.4831612]
[0.54970515 0.46729743]
[0.5169763 0.4831612]
[0.54970515 0.46729743]
[0.5169763 0.4831612]
[0.54970515 0.46729743]
[0.5169763 0.4831612]
[0.54970515 0.46729743]
[0.5169763 0.4831612]
[0.54970515 0.46729743]
[0.5169763 0.4831612]
[0.54970515 0.46729743]
[0.5169763 0.4831612]
[0.54970515 0.46729743]
[0.5169763 0.4831612]
[0.5491513  0.48146397]
[0.5169763 0.4831612]
[0.5491513  0.48146397]
[0.5169763 0.4831612]
[0.5491513  0.48146397]
[0.5169763 0.4831612]
[0.56290114 0.41741413]
[0.5169763 0.4831612]
[0.54970515 0.46729743]
[0.5169763 0.4831612]
[0.54970515 0.46729743]
[0.5169763 0.4831612]
[0.54970515 0.46729743]
[0.5169763 0.4831612]
[0.54970515 0.46729743]
[0.5169763 0.4831612]
[0.54970515 0.46729743]
[0.5169763 0.4831612]
[0.54970515 0.46729743]
[0.5169763 0.4831612]
[0.54970515 0.46729743]
[0.5169763 0.4831612]
[0.5169763 0.4831612]
[0.5169763 0.4831612]
[0.5354566  0.43363303]
[0.5169763 0.4831612]
[0.5354566  0.43363303]
[0.5169763 0.4831612]
[0.5354566  0.43363303]
[0.5169763 0.4831612]
[0.5354566  0.43363303]
[0.5169763 0.4831612]
[0.5354566  0.43363303]
[0.5169763 0.4831612]
[0.53036135 0.42859212]
[0.5169763 0.4831612]
[0.53036135 0.42859212]
[0.5169763 0.4831612]
[0.53036135 0.42859212]
[0.5169763 0.4831612]
[0.53036135 0.42859212]
[0.5169763 0.4831612]
[0.53036135 0.42859212]
[0.5169763 0.4831612]
[0.53036135 0.42859212]
[0.5169763 0.4831612]
[0.53036135 0.42859212]
[0.5169763 0.4831612]
[0.53036135 0.42859212]
[0.5169763 0.4831612]
[0.53036135 0.42859212]
[0.5169763 0.4831612]
[0.5169763 0.4831612]
[0.5169763 0.4831612]
[0.54970515 0.46729743]
[0.5169763 0.4831612]
[0.5169763 0.4831612]
[0.5169763 0.4831612]
[0.27492964 0.5178729 ]
[0.53553927 0.43490517]
[0.5702835  0.46777403]
[0.53553927 0.43490517]
[0.5702835  0.46777403]
[0.53553927 0.43490517]
[0.5702835  0.46777403]
[0.53553927 0.43490517]
[0.5702835  0.46777403]
[0.4928338 0.5565009]
[0.57125187 0.46150613]
[0.49366152 0.4506961 ]
[0.5295965 0.5574696]
[0.4928338 0.5565009]
[0.57125187 0.46150613]
[0.49366152 0.4506961 ]
[0.5295965 0.5574696]
[0.5169763 0.4831612]
[0.5503643 0.5245381]
[0.5169763 0.4831612]
[0.5503643 0.5245381]
[0.5169763 0.4831612]
[0.5503643 0.5245381]
[0.5169763 0.4831612]
[0.5503643 0.5245381]
[0.5169763 0.4831612]
[0.5169763 0.4831612]
[0.5169763 0.4831612]
[0.5169763 0.4831612]
[0.5169763 0.4831612]
[0.5169763 0.4831612]
[0.5169763 0.4831612]
[0.5503643 0.5245381]
[0.57950926 0.49611866]
[0.5688613 0.5291768]
[0.57950926 0.49611866]
[0.5688613 0.5291768]
[0.57950926 0.49611866]
[0.5688613 0.5291768]
[0.57950926 0.49611866]
[0.5688613 0.5291768]
[0.311836 0.409074]
[0.41951606 0.5537588 ]
[0.311836 0.409074]
[0.41951606 0.5537588 ]
[0.311836 0.409074]
[0.41951606 0.5537588 ]
[0.311836 0.409074]
[0.41951606 0.5537588 ]
[0.59246564 0.7603574 ]
[0.66360086 0.7176217 ]
[0.59246564 0.7603574 ]
[0.66360086 0.7176217 ]
[0.59246564 0.7603574 ]
[0.66360086 0.7176217 ]
[0.59246564 0.7603574 ]
[0.66360086 0.7176217 ]
[0.57950926 0.49611866]
[0.55091333 0.35879403]
[0.57950926 0.49611866]
[0.55091333 0.35879403]
[0.57950926 0.49611866]
[0.55091333 0.35879403]
[0.57950926 0.49611866]
[0.55091333 0.35879403]
[0.57950926 0.49611866]
[0.55091333 0.35879403]
[0.67366767 0.49078792]
[0.55091333 0.35879403]
[0.67366767 0.49078792]
[0.55091333 0.35879403]
[0.67366767 0.49078792]
[0.54266095 0.351533  ]
[0.5169763 0.4831612]
[0.54970515 0.46729743]
[0.5169763 0.4831612]
[0.54970515 0.46729743]
[0.5169763 0.4831612]
[0.54970515 0.46729743]
[0.5169763 0.4831612]
[0.54970515 0.46729743]
[0.57950926 0.49611866]
[0.54266095 0.351533  ]
[0.57950926 0.49611866]
[0.54266095 0.351533  ]
[0.57950926 0.49611866]
[0.54266095 0.351533  ]
[0.57950926 0.49611866]
[0.54266095 0.351533  ]
[0.59246564 0.7603574 ]
[0.7030442  0.52405363]
[0.59246564 0.7603574 ]
[0.7030442  0.52405363]
[0.59246564 0.7603574 ]
[0.7030442  0.52405363]
[0.59246564 0.7603574 ]
[0.6071565 0.59885  ]
[0.6934427  0.46694744]
[0.3832535 0.2595278]
[0.79479027 0.62731194]
[0.19165371 0.43960166]
[0.5057549 0.3224628]
[0.5238996  0.12887059]
[0.43925276 0.31383646]
[0.3383778  0.62034047]
[0.7996757  0.23120314]
[0.59191364 0.41557312]
[0.5547769 0.2808123]
[0.28353146 0.30136162]
[0.36930045 0.70378613]
[0.2638039  0.23316085]
[0.57103133 0.29478133]
[0.48961532 0.39304698]
[0.507666   0.23396307]
[0.28559142 0.48863834]
[0.60503125 0.30924606]
[0.64597094 0.31378767]
[0.32643113 0.38891798]
[0.55315804 0.59162927]
[0.5319068  0.50290585]
[0.311836 0.409074]
[0.20003885 0.4017508 ]
[0.40382677 0.62520397]
[0.50502837 0.6207018 ]
[0.50502837 0.6207018 ]
[0.81294966 0.63957435]
[0.2991573 0.3846822]
[0.4829097 0.5088859]
[0.6779008 0.4158004]
[0.311836 0.409074]
[0.311836 0.409074]
[0.61657   0.5593372]
[0.311836 0.409074]
[0.311836 0.409074]
[0.3998037 0.422992 ]
[0.60452557 0.384861  ]
[0.311836 0.409074]
[0.31227568 0.49112046]
[0.32439572 0.5580524 ]
[0.50309634 0.5600519 ]
[0.39243156 0.43123072]
[0.42059422 0.46584934]
[0.2741221 0.7237874]
[0.43329883 0.50938207]
[0.25449663 0.63560724]
[0.25449663 0.63560724]
[0.13299389 0.19877179]
[0.13299389 0.19877179]
[0.5588811  0.71878326]
[0.5588811  0.71878326]
[0.57648146 0.7898411 ]
[0.37907383 0.58687866]
[0.5172999  0.67416567]
[0.5759022  0.70311826]
[0.4963017  0.69313544]
[0.47729963 0.64868397]
[0.36433804 0.5161334 ]
[0.36433804 0.5161334 ]
[0.18576379 0.37870425]
[0.18576379 0.37870425]
[0.5169763 0.4831612]
[0.5169763 0.4831612]
[0.54352653 0.6002977 ]
[0.54352653 0.6002977 ]
[0.6236361  0.64637583]
[0.58587945 0.6590986 ]
[0.5668979  0.66218823]
[0.5668979  0.66218823]
[0.815933   0.25501746]
[0.815933   0.25501746]
[0.56290114 0.41741413]
[0.5607221 0.6491107]
[0.5759022  0.70311826]
[0.5759022  0.70311826]
[0.499241  0.6400735]
[0.5695063 0.6097919]
[0.78457767 0.5313105 ]
[0.78457767 0.5313105 ]
[0.5669721  0.65604866]
[0.57350147 0.65210974]
[0.53735507 0.47784644]
[0.53735507 0.47784644]
[0.60110193 0.7707771 ]
[0.60110193 0.7707771 ]
[0.311836 0.409074]
[0.311836 0.409074]
[0.4501546 0.572679 ]
[0.3750357 0.650908 ]
[0.7043427 0.544201 ]
[0.6542015  0.49679625]
[0.520472   0.20852235]
[0.520472   0.20852235]
[0.36930045 0.70378613]
[0.36930045 0.70378613]
[0.66996783 0.25155732]
[0.66996783 0.25155732]
[0.28559142 0.48863834]
[0.28559142 0.48863834]
[0.33061528 0.42113993]
[0.41902453 0.45861953]
[0.2757549  0.39765674]
[0.2757549  0.39765674]